        GLOBAL Land-Ocean Temperature Index in 0.01 degrees Celsius   base period: 1951-1980

                    sources:  GHCN-v3 1880-04/2015 + SST: ERSST 1880-04/2015
                    using elimination of outliers and homogeneity adjustment
                    Notes: 1950 DJF = Dec 1949 - Feb 1950 ;  ***** = missing

                                                                     AnnMean
Year   Jan  Feb  Mar  Apr  May  Jun  Jul  Aug  Sep  Oct  Nov  Dec    J-D D-N    DJF  MAM  JJA  SON  Year
1880   -34  -27  -22  -30  -16  -24  -19  -12  -20  -19  -16  -21    -22 ***   ****  -23  -18  -18  1880
1881   -13  -16   -2   -3   -3  -27  -12   -8  -18  -23  -28  -18    -14 -14    -17   -3  -15  -23  1881
1882     3    4   -2  -24  -20  -32  -27  -11  -11  -25  -25  -37    -17 -16     -4  -15  -23  -20  1882
1883   -38  -38  -12  -20  -20   -8   -3  -13  -19  -19  -28  -21    -20 -21    -38  -18   -8  -22  1883
1884   -20  -14  -31  -36  -33  -36  -31  -24  -29  -25  -29  -25    -28 -28    -18  -33  -31  -28  1884
1885   -57  -29  -19  -36  -35  -40  -28  -24  -17  -14  -14    0    -26 -28    -37  -30  -31  -15  1885
1886   -37  -43  -34  -23  -21  -30  -13  -21  -12  -22  -29  -18    -25 -24    -26  -26  -21  -21  1886
1887   -60  -43  -26  -34  -28  -25  -19  -28  -24  -33  -29  -40    -32 -30    -40  -29  -24  -28  1887
1888   -43  -41  -39  -25  -26  -20  -11  -13  -10   -3   -1  -10    -20 -23    -41  -30  -15   -5  1888
1889   -18   16    6    7   -1  -10  -13  -18  -18  -21  -32  -30    -11  -9     -4    4  -14  -24  1889
1890   -41  -37  -37  -34  -44  -29  -25  -33  -31  -21  -45  -30    -34 -34    -36  -38  -29  -32  1890
1891   -43  -50  -19  -27  -21  -26  -26  -21  -17  -28  -40  -13    -27 -29    -41  -23  -24  -28  1891
1892   -36  -15  -36  -39  -34  -31  -35  -28  -20  -18  -48  -43    -32 -29    -21  -36  -31  -29  1892
1893   -85  -58  -28  -35  -44  -34  -17  -28  -24  -22  -21  -38    -36 -37    -62  -36  -27  -22  1893
1894   -55  -34  -25  -46  -37  -41  -26  -22  -25  -23  -34  -27    -33 -34    -42  -36  -30  -28  1894
1895   -50  -49  -30  -23  -30  -27  -19  -18   -9  -13  -16  -20    -25 -26    -42  -28  -22  -13  1895
1896   -31  -21  -34  -39  -24  -17  -10  -10   -7    3  -17  -14    -18 -19    -24  -32  -12   -7  1896
1897   -22  -22  -24  -12  -11  -23  -13  -18  -13  -19  -25  -28    -19 -18    -19  -16  -18  -19  1897
1898   -13  -39  -57  -35  -36  -24  -28  -27  -23  -36  -40  -26    -32 -32    -27  -43  -26  -33  1898
1899   -21  -40  -36  -21  -26  -36  -20  -14   -7   -7    6  -31    -21 -21    -29  -28  -23   -3  1899
1900   -38   -3    0  -17  -15  -22  -20  -16  -15   -5  -20  -14    -15 -17    -24  -10  -19  -14  1900

Year   Jan  Feb  Mar  Apr  May  Jun  Jul  Aug  Sep  Oct  Nov  Dec    J-D D-N    DJF  MAM  JJA  SON  Year
1901   -33   -8    0  -12  -23  -17  -18  -23  -24  -35  -25  -34    -21 -19    -19  -12  -19  -28  1901
1902   -21   -4  -29  -31  -35  -38  -30  -32  -26  -35  -42  -48    -31 -30    -20  -32  -33  -34  1902
1903   -26   -1  -20  -40  -41  -47  -36  -43  -42  -47  -45  -53    -37 -36    -25  -34  -42  -45  1903
1904   -67  -56  -43  -51  -50  -45  -47  -43  -47  -37  -19  -27    -44 -47    -59  -48  -45  -34  1904
1905   -34  -61  -28  -37  -31  -32  -31  -26  -21  -28  -12  -24    -30 -31    -41  -32  -30  -21  1905
1906   -31  -33  -16   -8  -24  -26  -33  -26  -30  -28  -48  -21    -27 -27    -30  -16  -28  -36  1906
1907   -46  -54  -34  -46  -51  -46  -39  -36  -33  -26  -53  -52    -43 -40    -41  -44  -40  -37  1907
1908   -45  -36  -57  -45  -38  -41  -42  -46  -34  -44  -50  -49    -44 -44    -45  -47  -43  -43  1908
1909   -67  -47  -51  -58  -55  -52  -42  -31  -36  -41  -34  -56    -47 -47    -54  -55  -42  -37  1909
1910   -46  -45  -49  -47  -45  -45  -37  -37  -39  -45  -56  -67    -46 -45    -49  -47  -40  -46  1910
1911   -64  -59  -65  -55  -52  -50  -40  -42  -38  -27  -23  -26    -45 -48    -63  -57  -44  -29  1911
1912   -30  -19  -42  -29  -29  -32  -48  -59  -55  -63  -46  -49    -42 -40    -25  -33  -46  -55  1912
1913   -48  -48  -46  -41  -50  -48  -39  -38  -39  -41  -26  -11    -40 -43    -48  -46  -42  -35  1913
1914    -3  -19  -27  -32  -27  -32  -36  -25  -23  -13  -25  -17    -23 -23    -11  -29  -31  -20  1914
1915   -26   -9  -17   -4  -16  -20  -12  -20  -18  -26  -13  -23    -17 -17    -17  -12  -17  -19  1915
1916   -21  -23  -33  -33  -34  -46  -34  -34  -34  -32  -41  -75    -37 -32    -22  -33  -38  -36  1916
1917   -44  -55  -53  -46  -59  -45  -26  -29  -27  -44  -34  -73    -45 -45    -58  -53  -33  -35  1917
1918   -45  -36  -27  -45  -41  -35  -30  -32  -22  -11  -22  -40    -32 -35    -51  -38  -32  -18  1918
1919   -26  -29  -29  -24  -33  -35  -29  -26  -22  -21  -39  -37    -29 -29    -32  -28  -30  -28  1919
1920   -16  -24   -7  -23  -24  -28  -27  -29  -30  -38  -38  -50    -28 -27    -26  -18  -28  -35  1920

Year   Jan  Feb  Mar  Apr  May  Jun  Jul  Aug  Sep  Oct  Nov  Dec    J-D D-N    DJF  MAM  JJA  SON  Year
1921    -7  -23  -25  -27  -27  -23  -14  -27  -20  -15  -24  -23    -21 -24    -27  -27  -21  -20  1921
1922   -35  -44  -19  -25  -33  -33  -27  -33  -32  -34  -20  -23    -30 -30    -34  -26  -31  -29  1922
1923   -28  -36  -30  -38  -35  -28  -34  -33  -30  -15   -3   -6    -26 -28    -29  -35  -32  -16  1923
1924   -21  -23   -9  -32  -21  -27  -27  -31  -27  -31  -16  -36    -25 -22    -17  -21  -28  -24  1924
1925   -34  -35  -25  -23  -32  -36  -29  -20  -17  -21   -2    5    -22 -26    -35  -26  -28  -13  1925
1926    14    5   10  -13  -24  -25  -23  -16  -11  -11   -6  -26    -10  -8      8   -9  -21   -9  1926
1927   -23  -17  -35  -30  -20  -25  -18  -22   -9    1   -4  -32    -20 -19    -22  -28  -22   -4  1927
1928     0   -7  -25  -25  -26  -34  -17  -22  -17  -17   -5  -14    -17 -19    -13  -25  -24  -13  1928
1929   -40  -53  -31  -37  -33  -39  -34  -28  -20  -11  -10  -49    -32 -29    -35  -34  -34  -14  1929
1930   -23  -22   -5  -21  -23  -19  -17  -13  -11   -9   15   -3    -13 -16    -31  -16  -16   -2  1930
1931    -5  -20   -6  -16  -19   -9   -3   -3   -5    2   -7   -5     -8  -8     -9  -14   -5   -3  1931
1932    15  -16  -15   -2  -16  -26  -20  -19   -5   -1  -20  -18    -12 -11     -2  -11  -22   -8  1932
1933   -27  -28  -25  -22  -25  -30  -19  -21  -23  -21  -28  -41    -26 -24    -24  -24  -23  -24  1933
1934   -20    0  -29  -28   -8  -11   -5   -9  -15   -6    6    0    -10 -14    -20  -22   -8   -5  1934
1935   -30   17  -10  -31  -26  -19  -15  -16  -13   -3  -25  -18    -16 -14     -4  -22  -17  -14  1935
1936   -23  -34  -22  -17  -13  -14   -1   -6   -4   -2   -2    1    -11 -13    -25  -17   -7   -3  1936
1937    -5   11  -12  -11   -2    0    0    7   15   13   14   -4      2   3      2   -8    2   14  1937
1938    10    3   14   11   -1   -9    1    2   10   18   11  -15      5   5      3    8   -2   13  1938
1939    -2   -3  -16   -7   -2   -5   -5   -6   -3   -1    4   40      0  -5     -7   -8   -5    0  1939
1940   -13    8    9   15    6    3    7   -2    9    6    8   12      6   8     12   10    3    8  1940

Year   Jan  Feb  Mar  Apr  May  Jun  Jul  Aug  Sep  Oct  Nov  Dec    J-D D-N    DJF  MAM  JJA  SON  Year
1941     5   18   -1    8    9    5   13    5   -8   16    6    7      7   7     12    5    8    5  1941
1942    26    2    6    8    7    2   -2   -4   -3    0    5    6      4   4     12    7   -1    0  1942
1943   -12    9   -7    8    4   -8    6    0    5   22   15   19      5   4      1    1   -1   14  1943
1944    30   18   18   10   12    9   10    9   19   17    5   -3     13  15     22   13    9   14  1944
1945     1  -10   -2    8   -2   -8   -6   15    8    9    0  -16      0   1     -4    1    0    6  1945
1946    13    6   -4    3  -11  -17  -11  -16   -9  -14   -6  -33     -8  -7      1   -4  -15  -10  1946
1947   -12  -10    3    3   -7   -9   -7   -9  -13    8    4  -11     -5  -7    -18    0   -8    0  1947
1948    11  -12  -21  -10    1   -7  -13  -15  -17  -11  -16  -20    -11 -10     -4  -10  -12  -15  1948
1949    11  -17   -5  -12  -13  -26  -17  -11  -14   -7  -10  -18    -12 -12     -9  -10  -18  -10  1949
1950   -30  -29   -7  -19  -12  -11  -15  -22  -12  -18  -34  -19    -19 -19    -26  -13  -16  -21  1950
1951   -34  -43  -21   -9    3   -5   -1    7    5   10   -2   12     -7  -9    -32   -9    0    4  1951
1952    13   11  -10    4    0   -2    6    4    7   -3  -16   -2      1   2     12   -2    3   -4  1952
1953    10   19   12   19    9    6    0    7    6    7   -3    6      8   8      9   14    4    3  1953
1954   -23  -10  -14  -15  -19  -15  -17  -14   -7   -1    9  -16    -12 -10     -9  -16  -15    0  1954
1955    16  -16  -32  -18  -20  -10   -8    8  -10   -3  -26  -31    -13 -11     -5  -24   -3  -13  1955
1956   -16  -23  -19  -24  -25  -14  -10  -27  -15  -23  -15   -9    -18 -20    -24  -23  -17  -18  1956
1957   -12   -7   -9   -1    5   12   -3   15    9    0    6   15      3   0     -9   -1    8    5  1957
1958    37   24    9    2    5  -12    0   -8   -7    1    2   -1      4   6     26    6   -7   -1  1958
1959     8    7   17   14    2    2    5   -1   -5   -9   -9    1      3   2      4   11    2   -8  1959
1960    -4   12  -36  -17  -11   -3   -6   -1    5    6  -12   16     -4  -5      3  -21   -3    0  1960

Year   Jan  Feb  Mar  Apr  May  Jun  Jul  Aug  Sep  Oct  Nov  Dec    J-D D-N    DJF  MAM  JJA  SON  Year
1961     5   18    8   12   14   12    0    3    6    1    3  -16      6   8     13   11    5    3  1961
1962     7   15   10    7   -5    4    2    1    0    0    9    0      4   3      2    4    2    3  1962
1963    -1   20  -15   -7   -5    6   13   25   21   17   18    1      8   8      7   -9   14   18  1963
1964    -7  -11  -23  -30  -25   -5   -6  -23  -29  -29  -18  -27    -19 -17     -6  -26  -11  -25  1964
1965    -6  -16  -10  -19  -11  -11  -13   -4  -15   -5   -5   -5    -10 -12    -17  -13   -9   -8  1965
1966   -16    0    7  -12   -9    1    7   -7    0  -12    0   -4     -4  -4     -7   -5    0   -4  1966
1967    -5  -18    8   -2   14   -8    1    2   -5    9   -5    0     -1  -1     -9    6   -2    0  1967
1968   -21  -12   26   -2  -10   -5   -6   -8  -17   11   -5  -13     -5  -4    -11    4   -6   -3  1968
1969   -11  -14    0   16   15    6   -2    2    9   12   14   29      7   3    -13   11    2   12  1969
1970    10   24    9    9   -3    1    0   -8   11    5    2  -12      4   8     21    5   -2    6  1970
1971    -1  -18  -16   -8   -3  -16   -9    0    2   -2   -2   -5     -6  -7    -10   -9   -8   -1  1971
1972   -24  -16    3   -1    1    9    4   18    3    8    3   20      2   0    -15    1   10    5  1972
1973    28   31   26   26   25   18   10    4    9   13    6   -5     16  18     26   26   11    9  1973
1974   -14  -26   -4  -10   -1   -5   -3   11  -11   -6   -6   -8     -7  -7    -15   -5    1   -8  1974
1975     8    7   14    4   16    2    0  -19   -3  -10  -15  -18     -1   0      2   11   -6   -9  1975
1976    -3   -8  -22   -9  -22  -15   -9  -16   -9  -29   -8    4    -12 -14    -10  -18  -13  -15  1976
1977    12   15   21   23   27   26   20   16   -3    0   16    3     15  15     11   24   21    4  1977
1978     5   10   18   11    3   -2    4  -19    6    0   14    6      5   5      6   11   -5    6  1978
1979    10  -12   14    8    1    9   -3    8   20   19   24   43     12   9      1    8    5   21  1979
1980    24   36   25   29   30   14   22   23   18   13   23   15     23  25     34   28   20   18  1980

Year   Jan  Feb  Mar  Apr  May  Jun  Jul  Aug  Sep  Oct  Nov  Dec    J-D D-N    DJF  MAM  JJA  SON  Year
1981    51   37   46   27   20   26   29   29   12    8   17   36     28  26     34   31   28   12  1981
1982     4   12   -6    5   10    2   11    5    9    8   10   38      9   9     17    3    6    9  1982
1983    49   35   37   27   33   17   13   27   35   12   27   13     27  29     41   33   19   24  1983
1984    25   11   24    6   31    3   13   12   13   10    0   -8     12  13     16   20    9    8  1984
1985    19   -9   13    5   13   15   -4   10   10    8    5   10      8   6      1   10    7    7  1985
1986    24   32   24   21   22   11    9    8   -3    8    5   10     14  14     22   22    9    3  1986
1987    30   40   11   20   21   32   41   21   33   25   20   43     28  25     27   18   31   26  1987
1988    52   36   44   39   40   38   30   40   36   34    7   28     35  37     43   41   36   26  1988
1989    11   31   32   27   12   11   29   31   32   28   14   32     24  24     23   24   24   25  1989
1990    35   35   71   49   41   34   39   27   25   37   40   37     39  39     34   54   33   34  1990
1991    38   46   32   46   34   50   47   37   43   26   27   30     38  39     41   37   45   32  1991
1992    41   37   43   21   29   21   10    6   -3    5    0   18     19  20     36   31   12    1  1992
1993    34   37   33   22   23   19   24   11    6   19    5   17     21  21     30   26   18   10  1993
1994    27   -1   24   38   25   37   27   19   30   40   43   36     29  27     14   29   28   38  1994
1995    48   76   42   44   26   43   47   45   29   45   42   29     43  44     53   38   45   39  1995
1996    24   46   31   34   27   25   34   48   24   19   40   39     33  32     33   31   36   27  1996
1997    31   36   52   35   36   52   33   39   52   61   61   58     46  44     35   41   41   58  1997
1998    60   86   62   63   68   75   67   67   45   42   46   55     61  62     68   64   70   44  1998
1999    48   66   31   33   31   37   40   35   40   40   38   45     40  41     56   32   37   39  1999
2000    23   56   56   58   39   42   41   42   42   26   31   27     40  42     41   51   42   33  2000

Year   Jan  Feb  Mar  Apr  May  Jun  Jul  Aug  Sep  Oct  Nov  Dec    J-D D-N    DJF  MAM  JJA  SON  Year
2001    41   46   57   51   57   53   59   48   52   47   68   52     53  51     38   55   53   56  2001
2002    72   73   88   56   62   54   58   53   62   54   58   42     61  62     66   69   55   58  2002
2003    71   54   55   52   60   47   54   65   62   72   52   72     60  57     56   56   55   62  2003
2004    55   66   62   58   40   40   22   40   50   62   69   48     51  53     65   54   34   60  2004
2005    68   55   66   66   61   64   62   60   74   76   71   64     66  64     57   64   62   74  2005
2006    52   65   59   45   43   60   50   66   59   66   69   74     59  58     61   49   59   64  2006
2007    93   65   67   71   64   55   58   57   61   56   54   46     62  65     77   67   57   57  2007
2008    22   31   70   48   46   43   54   39   59   62   62   51     49  48     33   55   46   61  2008
2009    56   48   49   57   59   62   66   61   64   58   72   58     59  59     52   55   63   65  2009
2010    66   75   87   82   71   60   56   59   55   65   74   44     66  67     66   80   58   65  2010
2011    45   44   57   60   47   54   70   69   52   60   50   48     55  55     45   55   64   54  2011
2012    38   43   52   62   71   59   50   56   68   73   69   46     57  57     43   62   55   70  2012
2013    62   52   60   48   56   61   53   61   73   61   75   61     60  59     53   55   58   70  2013
2014    68   44   71   72   79   62   50   74   81   78   64   74     68  67     58   74   62   74  2014
2015    75   80   84   71 **** **** **** **** **** **** **** ****   **** ***     76 **** **** ****  2015
Year   Jan  Feb  Mar  Apr  May  Jun  Jul  Aug  Sep  Oct  Nov  Dec    J-D D-N    DJF  MAM  JJA  SON  Year
       
Divide by 100 to get changes in degrees Celsius (deg-C).
Multiply that result by 1.8(=9/5) to get changes in degrees Fahrenheit (deg-F).

Best estimate for absolute global mean for 1951-1980 is  14.0 deg-C or 57.2 deg-F,
so add that to the temperature change if you want to use an absolute scale
(this note applies to global annual means only, J-D and D-N !)

Example      --      Table Value :      40
                          change :    0.40 deg-C  or  0.72 deg-F
abs. scale if global annual mean :   14.40 deg-C  or 57.92 deg-F
