year      msl_ib_ns(mm) #version_2015_rel2
1992.9595   -5.818
1992.9866   -7.525
1993.0138   -9.215
1993.0409  -11.796
1993.0681  -11.291
1993.0952   -9.569
1993.1223   -3.714
1993.1495   -2.471
1993.1766   -6.784
1993.2038   -5.772
1993.2309   -2.853
1993.2852   -1.943
1993.3124   -0.293
1993.3395   -5.296
1993.3667   -7.317
1993.3938   -6.346
1993.4210   -1.620
1993.4481    0.416
1993.4753   -1.503
1993.5024   -4.163
1993.5296   -4.853
1993.5839   -2.577
1993.6110   -2.444
1993.6382   -2.335
1993.6653   -6.265
1993.6925   -7.356
1993.7196   -6.358
1993.7468   -0.770
1993.7739    1.805
1993.8010   -1.886
1993.8553   -7.186
1993.8825   -4.588
1993.9096   -2.648
1993.9368   -0.795
1993.9639    1.461
1993.9911   -3.859
1994.0182   -5.904
1994.0454   -1.261
1994.0725    2.404
1994.0997   -1.173
1994.1268   -6.507
1994.1540  -10.638
1994.1811   -2.544
1994.2354    1.699
1994.2626    0.824
1994.2897   -1.043
1994.3169   -5.562
1994.3440   -4.376
1994.3712   -1.532
1994.3983   -3.553
1994.4255   -2.147
1994.4526   -3.283
1994.5069   -6.102
1994.5340   -1.283
1994.5612    0.386
1994.5883   -1.522
1994.6155   -7.664
1994.6426   -8.044
1994.6698   -8.182
1994.6969   -0.322
1994.7241   -0.764
1994.7512   -4.568
1994.7784   -5.281
1994.8055   -4.447
1994.8327   -5.614
1994.8870   -3.240
1994.9141  -10.229
1994.9413   -7.929
1994.9684   -5.132
1994.9956   -0.212
1995.0227    2.458
1995.0499    2.365
1995.0770    3.806
1995.1042   -3.379
1995.1313   -8.843
1995.1585   -1.374
1995.2128    5.367
1995.2399   -2.756
1995.2670   -4.330
1995.2942   -5.885
1995.3213   -1.166
1995.3756   -1.544
1995.4028   -0.936
1995.4299   -1.559
1995.4571   -3.805
1995.4842   -2.239
1995.5385   -0.312
1995.5657   -2.837
1995.5928   -6.275
1995.6200   -6.978
1995.6471   -4.627
1995.6743    0.555
1995.7014    1.799
1995.7286    2.079
1995.7557   -4.116
1995.7829   -5.580
1995.8372   -1.007
1995.8643    0.257
1995.8915   -0.928
1995.9458   -6.178
1995.9729    3.549
1996.0000    2.121
1996.0272   -1.907
1996.0543   -5.008
1996.0815   -6.979
1996.1086   -4.363
1996.1629    5.333
1996.1901    0.404
1996.2172   -0.115
1996.2444   -1.889
1996.2715   -2.813
1996.2987    1.439
1996.3258    4.639
1996.3530    2.876
1996.3801   -0.125
1996.4073   -0.630
1996.4344    1.051
1996.4887    7.510
1996.5159    4.802
1996.5430    2.974
1996.5702    1.430
1996.5973    1.920
1996.6245    1.791
1996.6516    2.903
1996.6788    1.620
1996.7059   -0.306
1996.7330   -1.936
1996.7602   -1.189
1996.8145    0.035
1996.8416    3.471
1996.8688    1.228
1996.8959   -2.764
1996.9231    0.452
1996.9502    4.804
1996.9774    3.602
1997.0045    1.636
1997.0317   -0.803
1997.0588   -5.010
1997.0860    0.989
1997.1403    3.083
1997.1674    1.468
1997.1946   -1.823
1997.2217   -1.142
1997.2489    2.696
1997.2760    7.350
1997.3032    3.831
1997.3303    2.789
1997.3575    6.987
1997.3846    2.104
1997.4118    7.687
1997.4660   11.306
1997.4932   10.143
1997.5203    7.763
1997.5475    8.381
1997.5746   11.114
1997.6289   11.136
1997.6561   12.880
1997.6832   10.474
1997.7104    9.965
1997.7375   15.483
1997.7918   14.829
1997.8190   12.947
1997.8461   11.460
1997.8733    8.891
1997.9004   11.173
1997.9276   14.685
1997.9547   11.068
1997.9819   10.593
1998.0090    4.736
1998.0362    8.719
1998.0905   14.428
1998.1176   13.615
1998.1448   10.997
1998.1719    7.134
1998.1990   10.277
1998.2262   12.140
1998.2533   17.386
1998.2805   18.053
1998.3076   12.608
1998.3348   13.387
1998.3619   10.641
1998.4162   12.022
1998.4434   12.486
1998.4705    8.230
1998.4977    6.613
1998.5248    7.175
1998.5520    7.832
1998.6063    7.429
1998.6334    4.628
1998.6606    6.161
1998.6877    6.572
1998.7149    9.135
1998.7420   10.886
1998.7692   10.819
1998.8235    6.725
1998.8506    7.464
1998.8777   13.388
1998.9049    7.522
1998.9320   16.727
1998.9592   10.897
1998.9863    6.738
1999.0135    8.833
1999.0406   14.662
1999.0949   10.119
1999.1221   10.080
1999.1492    7.655
1999.1764   10.832
1999.2035   12.249
1999.2307   15.567
1999.2578   12.034
1999.2850    9.455
1999.3393   10.557
1999.3664   12.817
1999.3936   11.509
1999.4207   13.632
1999.4479    7.451
1999.4750    6.045
1999.5022    8.994
1999.5293   14.714
1999.5565   15.808
1999.5836   12.903
1999.6107    7.913
1999.6379   12.055
1999.6922   12.766
1999.7193   16.138
1999.7465   14.211
1999.7736   15.214
1999.8008   11.388
1999.8279   13.432
1999.8551   16.967
1999.8822   15.993
1999.9094   13.563
1999.9637   13.728
1999.9908   17.333
2000.0180   17.533
2000.0451   17.858
2000.0723   16.159
2000.0994   10.783
2000.1266   11.807
2000.1537   17.805
2000.1809   18.971
2000.2080   18.474
2000.2352   19.584
2000.2895   14.591
2000.3166   15.361
2000.3437   14.467
2000.3709   15.690
2000.3980   14.432
2000.4252   11.765
2000.4523   10.384
2000.4795   13.753
2000.5066   15.515
2000.5338   17.424
2000.5881    8.096
2000.6152   14.304
2000.6424   17.959
2000.6695   16.323
2000.6967   15.974
2000.7238   18.147
2000.7510   17.564
2000.7781   18.291
2000.8053   19.382
2000.8596   21.424
2000.8867   17.268
2000.9139   17.882
2000.9410   15.043
2000.9682   17.602
2000.9953   22.057
2001.0225   17.812
2001.0767   15.095
2001.1039   19.007
2001.1310   19.868
2001.1582   24.128
2001.1853   24.451
2001.2125   18.088
2001.2396   19.188
2001.2668   20.069
2001.2939   24.568
2001.3211   24.107
2001.3482   20.584
2001.3754   18.573
2001.4025   16.302
2001.4297   17.931
2001.4568   20.625
2001.4840   25.515
2001.5111   25.982
2001.5383   23.402
2001.5654   17.347
2001.5926   22.949
2001.6197   23.084
2001.6469   23.577
2001.6740   22.807
2001.7012   22.099
2001.7283   22.520
2001.7555   25.106
2001.7826   24.209
2001.8097   22.653
2001.8369   26.002
2001.8640   23.384
2001.8912   20.948
2001.9183   21.027
2001.9455   21.930
2001.9726   24.021
2001.9998   24.842
2002.0269   18.262
2002.0541   19.437
2002.0812   26.850
2002.1084   29.728
2002.1355   28.163
2002.1627   23.377
2002.1898   17.886
2002.2170   20.958
2002.2441   23.229
2002.2713   29.337
2002.2984   25.849
2002.3256   25.445
2002.3527   20.442
2002.3799   23.053
2002.4070   25.892
2002.4342   26.055
2002.4613   22.980
2002.4885   26.399
2002.5156   25.625
2002.5427   26.132
2002.5699   29.753
2002.5970   33.154
2002.6242   33.147
2002.6513   26.555
2002.6785   22.951
2002.7056   25.199
2002.7328   31.040
2002.7599   29.237
2002.7871   30.754
2002.8142   31.080
2002.8414   23.692
2002.8685   25.621
2002.8957   33.671
2002.9228   30.318
2002.9500   28.853
2002.9771   26.970
2003.0043   24.113
2003.0314   23.798
2003.0586   32.515
2003.0857   34.928
2003.1129   34.526
2003.1400   23.710
2003.1672   26.165
2003.1943   28.678
2003.2214   31.908
2003.2486   32.651
2003.2757   28.081
2003.3029   26.508
2003.3300   26.310
2003.3572   26.516
2003.3843   30.633
2003.4115   31.851
2003.4386   25.296
2003.4658   25.593
2003.4929   24.105
2003.5201   26.122
2003.5472   31.738
2003.5744   31.294
2003.6015   29.385
2003.6287   23.233
2003.6558   25.224
2003.6830   31.667
2003.7101   31.825
2003.7373   30.326
2003.7644   30.362
2003.7916   26.229
2003.8187   27.206
2003.8459   27.779
2003.8730   30.516
2003.9273   30.318
2003.9544   26.939
2003.9816   25.179
2004.0087   30.448
2004.0359   36.011
2004.0630   35.822
2004.0902   31.936
2004.1173   20.438
2004.1445   31.004
2004.1716   31.054
2004.1988   34.182
2004.2259   33.227
2004.2531   31.335
2004.2802   28.537
2004.3074   34.477
2004.3345   28.914
2004.3617   30.894
2004.3888   28.389
2004.4160   27.405
2004.4431   26.178
2004.4703   29.340
2004.4974   36.104
2004.5246   36.805
2004.5517   33.349
2004.5789   29.085
2004.6060   30.213
2004.6332   31.944
2004.6603   33.914
2004.6874   38.795
2004.7146   39.054
2004.7417   29.323
2004.7689   30.992
2004.7960   30.720
2004.8232   32.614
2004.8503   35.760
2004.8775   35.617
2004.9046   29.439
2004.9318   30.321
2004.9589   33.447
2004.9861   42.391
2005.0132   36.016
2005.0404   33.156
2005.0675   33.256
2005.0947   32.125
2005.1218   34.871
2005.1490   38.288
2005.1761   43.796
2005.2033   41.497
2005.2304   29.760
2005.2576   30.494
2005.2847   39.011
2005.3119   35.667
2005.3390   37.437
2005.3662   38.432
2005.3933   35.057
2005.4204   33.977
2005.4476   35.846
2005.4747   40.287
2005.5019   40.270
2005.5290   38.372
2005.5562   33.976
2005.5833   37.386
2005.6105   34.531
2005.6376   36.513
2005.6648   40.327
2005.6919   36.438
2005.7734   36.750
2005.8005   38.238
2005.8277   38.673
2005.8548   40.573
2005.8820   39.607
2005.9091   39.121
2005.9363   38.252
2005.9634   42.833
2005.9906   42.022
2006.0177   34.920
2006.0449   33.051
2006.0720   35.496
2006.0992   37.377
2006.1263   39.798
2006.1534   39.271
2006.1806   39.790
2006.2077   31.129
2006.2349   32.347
2006.2620   37.190
2006.2892   39.284
2006.3163   36.098
2006.3435   33.924
2006.3706   36.485
2006.3978   39.560
2006.4249   37.747
2006.4521   41.102
2006.4792   42.660
2006.5064   39.918
2006.5335   37.245
2006.5607   39.414
2006.5878   42.133
2006.6150   38.332
2006.6421   39.661
2006.6693   38.412
2006.6964   37.625
2006.7236   38.500
2006.7507   40.421
2006.7779   42.603
2006.8050   42.843
2006.8864   39.739
2006.9136   37.942
2006.9407   45.260
2006.9679   42.091
2006.9950   36.713
2007.0222   33.873
2007.0493   31.887
2007.0765   39.598
2007.1036   40.276
2007.1308   38.291
2007.1579   39.852
2007.1851   33.755
2007.2122   34.891
2007.2394   40.301
2007.2665   45.194
2007.2937   41.928
2007.3208   37.635
2007.3480   31.741
2007.3751   37.606
2007.4023   41.650
2007.4294   41.351
2007.4566   39.923
2007.4837   36.987
2007.5109   34.240
2007.5380   36.178
2007.5651   37.813
2007.5923   39.362
2007.6194   39.872
2007.6466   33.321
2007.6737   30.456
2007.7009   35.094
2007.7280   39.917
2007.7552   41.151
2007.7823   38.395
2007.8095   36.094
2007.8366   34.622
2007.8638   40.161
2007.8909   45.064
2007.9181   43.596
2007.9452   41.739
2007.9724   33.547
2007.9995   33.442
2008.0267   37.931
2008.0538   43.468
2008.0810   43.161
2008.1081   35.051
2008.1353   36.126
2008.1624   34.481
2008.1896   39.613
2008.2167   42.747
2008.2439   42.549
2008.2710   39.433
2008.2981   38.319
2008.3253   34.752
2008.3796   47.734
2008.4067   47.018
2008.4339   44.178
2008.4610   42.586
2008.4882   43.680
2008.5153   44.524
2008.5425   46.044
2008.5696   44.467
2008.5968   40.789
2008.6239   40.058
2008.6511   39.111
2008.6782   41.943
2008.7054   41.668
2008.7325   43.518
2008.7597   41.847
2008.7868   39.684
2008.8140   41.257
2008.8411   43.062
2008.8683   46.017
2008.8954   43.723
2008.9226   45.242
2008.9497   40.793
2008.9769   40.079
2009.0040   41.273
2009.0311   44.988
2009.0583   46.683
2009.0854   39.889
2009.1126   36.979
2009.1397   43.305
2009.1669   46.849
2009.1940   48.000
2009.2212   47.918
2009.2483   44.342
2009.2755   41.895
2009.3026   43.576
2009.3298   47.313
2009.3569   50.822
2009.3841   45.042
2009.4112   40.468
2009.4384   43.004
2009.4655   45.169
2009.4927   45.717
2009.5198   44.673
2009.5470   45.338
2009.5741   47.474
2009.6013   42.083
2009.6284   43.232
2009.6556   49.038
2009.6827   50.506
2009.7099   50.855
2009.7370   47.365
2009.7642   45.544
2009.7913   47.685
2009.8184   52.336
2009.8456   54.538
2009.8727   48.978
2009.8999   47.605
2009.9270   45.401
2009.9542   47.678
2009.9813   53.142
2010.0085   49.536
2010.0356   46.686
2010.0628   44.267
2010.0899   40.904
2010.1171   47.728
2010.1442   53.985
2010.1714   55.642
2010.1985   46.863
2010.2257   44.525
2010.2528   45.186
2010.2800   49.098
2010.3071   51.312
2010.3343   52.597
2010.3614   47.776
2010.3886   48.005
2010.4157   47.149
2010.4429   51.652
2010.4700   54.458
2010.4971   53.484
2010.5243   48.093
2010.5514   47.763
2010.5786   47.145
2010.6057   45.592
2010.6329   51.782
2010.6600   45.626
2010.6872   43.728
2010.7143   42.084
2010.7415   41.268
2010.7686   43.360
2010.7958   50.165
2010.8229   48.586
2010.8501   44.281
2010.8772   41.655
2010.9044   39.390
2010.9315   45.394
2010.9587   46.572
2010.9858   46.239
2011.0130   43.566
2011.0401   40.867
2011.0673   40.210
2011.0944   44.603
2011.1216   47.179
2011.1487   47.204
2011.1759   41.495
2011.2030   38.762
2011.2301   39.638
2011.2573   44.347
2011.2844   45.565
2011.3116   45.436
2011.3387   39.950
2011.3659   41.693
2011.3930   43.279
2011.4202   45.798
2011.4473   50.622
2011.4745   50.851
2011.5016   45.232
2011.5288   44.625
2011.5559   46.036
2011.5831   48.299
2011.6102   54.525
2011.6374   51.543
2011.6645   48.207
2011.6917   46.660
2011.7188   46.284
2011.7460   48.924
2011.7731   53.569
2011.8003   53.828
2011.8274   46.806
2011.8546   43.885
2011.8817   44.402
2011.9089   52.858
2011.9360   53.230
2011.9631   49.491
2011.9903   48.917
2012.0174   52.218
2012.0446   52.830
2012.0717   57.621
2012.0989   56.729
2012.1260   55.610
2012.1532   51.437
2012.1803   47.644
2012.2075   52.460
2012.2346   58.569
2012.2618   55.433
2012.2889   53.742
2012.3161   52.022
2012.3432   51.481
2012.3704   55.351
2012.3975   55.965
2012.4247   57.505
2012.4518   60.105
2012.4790   53.691
2012.5061   54.763
2012.5333   61.523
2012.5604   64.028
2012.5876   62.152
2012.6147   60.067
2012.6419   52.440
2012.6690   56.456
2012.6961   57.824
2012.7233   64.698
2012.7504   63.328
2012.7776   60.217
2012.8047   56.444
2012.8319   57.525
2012.8590   59.318
2012.8862   63.006
2012.9133   63.669
2012.9405   61.746
2012.9676   58.504
2012.9948   61.747
2013.0219   61.889
2013.0491   64.321
2013.0762   63.984
2013.1034   61.167
2013.1305   58.161
2013.1577   57.881
2013.1848   63.789
2013.2120   66.444
2013.2663   59.101
2013.2934   55.347
2013.3206   58.031
2013.3477   61.661
2013.3749   61.204
2013.4020   58.914
2013.4291   57.773
2013.4563   54.929
2013.4834   58.137
2013.5106   60.037
2013.5377   61.383
2013.5649   62.414
2013.5920   59.185
2013.6192   52.117
2013.6463   55.342
2013.6735   60.026
2013.7278   60.224
2013.7549   55.307
2013.7821   54.657
2013.8092   61.335
2013.8364   61.503
2013.8635   62.432
2013.8907   63.435
2013.9178   60.160
2013.9450   54.927
2013.9721   58.974
2013.9993   62.804
2014.0264   64.102
2014.0536   62.125
2014.0807   57.643
2014.1079   60.502
2014.1350   63.246
2014.1621   66.032
2014.1893   67.625
2014.2164   62.877
2014.2436   60.226
2014.2707   59.537
2014.2979   61.906
2014.3250   62.087
2014.3522   61.978
2014.3793   60.466
2014.4065   60.794
2014.4336   59.102
2014.4608   60.625
2014.4879   68.003
2014.5151   67.494
2014.5422   65.445
2014.5694   60.460
2014.5965   61.535
2014.6237   66.421
2014.6508   70.177
2014.6780   67.697
2014.7051   65.864
2014.7323   58.023
2014.7594   60.736
2014.7866   67.344
2014.8137   68.780
2014.8409   65.301
2014.8680   65.015
2014.8951   59.381
2014.9223   61.591
2014.9494   70.723
2014.9766   70.522
2015.0037   66.662
2015.0309   64.804
2015.0580   62.115
2015.0852   68.589
2015.1123   69.745
2015.1395   75.007
