year month day AAPL GOOGL MSFT PG XOM
2005  01  03 4.32 101.46 21.88 - 40.44
2005  01  04 4.37 97.35 21.96 41.79 40.16
2005  01  05 4.4 96.85 21.91 42.23 39.95
2005  01  06 4.41 94.37 21.89 42.43 40.46
2005  01  07 4.73 97.02 21.82 42.88 40.2
2005  01  10 4.71 97.63 21.93 43.22 40.35
2005  01  11 4.41 96.87 21.87 43.17 40.25
2005  01  12 4.47 97.79 21.91 43.33 40.84
2005  01  13 4.77 97.76 21.5 42.58 40.81
2005  01  14 4.79 100.09 21.37 42.85 41.23
2005  01  18 4.82 102.05 21.54 42.93 41.58
2005  01  19 4.77 98.75 21.26 43.66 41.21
2005  01  20 4.81 97.06 21.16 43.67 40.95
2005  01  21 4.81 94.23 20.99 42.86 40.72
2005  01  24 4.83 90.45 21.01 42.52 41.28
2005  01  25 4.92 88.65 21.29 42.92 41.44
2005  01  26 4.93 94.71 21.28 42.7 41.74
2005  01  27 4.96 94.13 21.37 42.61 41.78
2005  01  28 5.05 95.27 21.42 41.71 41.39
2005  01  31 5.25 97.91 21.51 41.0 41.66
2005  02  01 5.29 96.05 21.6 40.72 43.01
2005  02  02 5.44 103.08 21.65 41.13 43.54
2005  02  03  -  105.54 21.42 41.01 44.02
2005  02  04 5.38 102.28 21.54 40.53 44.64
2005  02  07 5.39 98.11 21.41 40.46 44.73
2005  02  08 5.52 99.42 21.47 40.04 45.25
2005  02  09 5.38 95.89 21.33 39.67 45.06
2005  02  10 5.35 94.08 21.33 39.76 45.71
2005  02  11 5.54 93.79 21.25 40.17 45.52
2005  02  14 5.78 96.59 21.28 40.59 46.11
2005  02  15 6.04 97.71 21.28 41.19 46.18
2005  02  16 6.15 99.3 21.17 41.06 47.44
2005  02  17 6.0 99.05 21.05 41.08 47.16
2005  02  18 5.93 99.07 20.92 41.21 48.2
2005  02  22 5.82 95.78 20.71 40.24 47.26
2005  02  23 6.02 97.07 20.69 41.2 48.21
2005  02  24 6.07 94.54 20.82 41.46 49.59
2005  02  25 6.08 93.03 20.73 41.74 51.32
2005  02  28 6.13 94.09 20.65 40.89 51.36
2005  03  01 6.08 93.12 20.75 41.21 50.38
2005  03  02 6.02 92.68 20.73 41.28   -
2005  03  03 5.71 93.6 20.66 41.19 51.15
2005  03  04 5.85 93.04 20.66 41.48 51.57
2005  03  07 5.84 94.5 20.91 41.36 51.11
2005  03  08 5.53 92.69 20.85 41.09 51.19
2005  03  09 5.37 90.77 20.78 40.82 49.32
2005  03  10 5.44 90.08 20.87 41.03 48.98
2005  03  11 5.5 88.99 20.6 40.44 49.53
2005  03  14 5.51 87.58 20.61 41.01 49.72
2005  03  15 5.59 89.39 20.45 40.76 48.96
2005  03  16 5.62 87.89 20.22 40.68 48.91
2005  03  17 5.77 89.73 20.14 40.63 49.89
2005  03  18 5.87 90.11 19.95 41.13 50.83
2005  03  21 5.97 90.53 19.86 40.62 50.42
2005  03  22 5.85 89.39 19.69 40.09 49.41
2005  03  23 5.81 89.58 19.85 40.69 48.75
2005  03  24 5.8 89.71 19.93 40.51 47.87
2005  03  28 5.81 90.8 19.86 40.44 47.78
2005  03  29 5.7 89.87 19.63 39.94 47.27
2005  03  30 5.84 90.32 19.83 41.1 48.06
2005  03  31 5.69 90.35 19.84 40.82 48.35
2005  04  01 5.58 90.11 19.8 40.52 49.12
2005  04  04 5.61 92.74 19.89 41.52 49.2
2005  04  05 5.72   -   20.09 41.59 48.73
2005  04  06 5.78 94.7 20.25 41.56 49.41
2005  04  07 5.95 96.98 20.6 42.42 49.37
2005  04  08 5.97 96.12 20.47 41.98 48.69
2005  04  11 5.72 96.71 20.5 42.62 48.91
2005  04  12 5.83 97.08 20.78 42.76 49.03
2005  04  13 5.6 96.56 20.55 42.52 47.99
2005  04  14 5.09 95.82 20.39 42.36 47.66
2005  04  15 4.83 92.59 20.08 42.21 45.59
2005  04  18 4.86 93.58 20.23 42.05 46.45
2005  04  19 5.06 95.8 20.22 41.85 47.57
2005  04  20 4.85 99.15 19.96 41.34 46.36
2005  04  21 5.08 102.21 20.75 41.95 48.09
2005  04  22 4.85 108.01 20.5 41.72 48.21
2005  04  25 5.05 111.88 20.51 41.68 48.64
2005  04  26 4.94 109.48 20.32 41.32 48.09
2005  04  27 4.91 110.0 20.51 41.44 47.36
2005  04  28 4.85 109.83 20.07 41.8 45.43
2005  04  29 4.92 110.11 20.77 41.92 46.27
2005  05  02 4.97 111.26 20.71 42.43 46.84
2005  05  03 4.94 113.21 20.82 42.5 45.84
2005  05  04 5.07 114.36 20.69 42.69 46.43
2005  05  05 5.01 113.6 20.71 42.41 46.89
2005  05  06  -  114.12 20.7 42.39 46.73
2005  05  09 5.05 113.12 20.61 42.57 47.06
2005  05  10 4.97 114.01 20.44 42.49 46.43
2005  05  11 4.86 115.76 20.45 42.95 46.72
2005  05  12 4.66 114.47 20.52 42.92 44.7
2005  05  13 4.75 114.73 20.77 42.39 43.79
2005  05  16 4.85 115.64 20.99 42.69 43.5
2005  05  17 4.83 116.68 20.97 43.07 43.92
2005  05  18 4.89 119.7 21.16 43.67 43.75
2005  05  19 5.13 119.71 21.34 43.84 44.71
2005  05  20 5.13 120.93 21.2 43.73 44.04
2005  05  23 5.43 127.85 21.29 43.73 44.64
2005  05  24 5.42 128.13 21.2 43.36 44.88
2005  05  25 5.43 130.54 21.17 43.15 45.4
2005  05  26 5.56 129.73 21.33 43.21 45.84
2005  05  27 5.54 133.13 21.47 43.17 46.32
2005  05  31 5.43 138.77 21.25 42.7 45.83
2005  06  01 5.5 144.14 21.25 43.45 46.6
2005  06  02 5.47 144.09 21.24 43.33 46.74
2005  06  03 5.22 140.27 20.94 42.79 46.6
2005  06  06 5.18 145.62 20.89 42.82 46.97
2005  06  07 4.99 146.71 21.01 42.93 46.85
2005  06  08 5.04 139.92 20.92 42.82 46.26
2005  06  09 5.14 143.3 21.01 42.74 47.65
2005  06  10 4.89 141.39 20.94 42.39 47.6
2005  06  13 4.9 141.52 20.84 42.05 47.66
2005  06  14 4.92 139.31 20.88 42.11 47.74
2005  06  15 5.07 137.54 20.8 42.12 48.31
2005  06  16 5.19 138.86 20.62 42.0 49.02
2005  06  17 5.23 140.29 20.62 42.13 49.65
2005  06  20 5.14 143.49 20.68 42.0 49.62
2005  06  21 5.17 144.06 20.71 42.06 48.53
2005  06  22 5.26 144.79 20.64 42.15 48.66
2005  06  23 5.31 145.0 20.84 41.54 48.13
2005  06  24 5.16 148.77 20.62 40.89 47.42
2005  06  27 5.07 152.2 20.63 40.78 48.35
2005  06  28 5.09 151.15 20.64 41.29 48.18
2005  06  29 4.97 146.51 20.66 41.4 47.65
2005  06  30 5.03 147.22 20.45 40.84 46.86
2005  07  01 4.98 145.77 20.35 40.96 47.55
2005  07  05 5.19 148.0 20.57 40.84 49.04
2005  07  06 5.11 145.91   -   40.65 48.2
2005  07  07 5.14 147.92 20.3 40.38 48.53
2005  07  08 5.22 148.26 20.66 41.0 48.44
2005  07  11 5.2 146.82 20.83 41.73 48.9
2005  07  12 5.22 146.04 21.09 41.76 48.84
2005  07  13 5.24 149.58 21.13 42.26 48.73
2005  07  14 5.56 150.6 21.39 42.39 47.78
2005  07  15 5.67 150.75 21.24 42.19 47.42
2005  07  18 5.67 149.92 21.04 42.29 47.42
2005  07  19 5.9 155.11 21.54 42.49 47.93
2005  07  20 5.96 156.16 21.57 42.82 48.11
2005  07  21 5.91 157.13 21.77 42.9 47.2
2005  07  22 6.01 151.35 21.15 42.79 48.52
2005  07  25 5.98 148.07 21.15 42.75 48.88
2005  07  26 5.96 148.19 21.03 42.89 48.6
2005  07  27 6.01 148.61 21.18 43.09 48.6
2005  07  28 5.98 146.9 21.2 43.44 48.93
2005  07  29 5.82 144.02 21.09 43.29 47.91
2005  08  01 5.84 145.95 21.34 43.05 48.3
2005  08  02 5.9 149.74 22.08 43.08 48.77
2005  08  03 5.9 148.8 22.44 42.8 48.11
2005  08  04 5.83 149.01 22.5 42.15 47.72
2005  08  05 5.87 146.32 22.86 42.1 47.37
2005  08  08 5.82 145.77 22.34 42.22 47.99
2005  08  09 5.98 145.93 22.52 41.98 48.48
2005  08  10 5.92 142.98 22.19 41.8 49.08
2005  08  11 6.01 142.17 22.46 41.76 49.94
2005  08  12 6.29 145.01 22.27 41.67 50.03
2005  08  15 6.51 142.14 22.41 42.16 49.51
2005  08  16 6.32 142.97 22.08 41.7 48.4
2005  08  17 6.44 142.69 22.26 41.57 47.67
2005  08  18 6.32 140.14 22.15 42.16 47.62
2005  08  19 6.26 140.14 22.07 42.44 48.2
2005  08  22 6.26 137.14 22.22 42.92 48.4
2005  08  23 6.25 139.93 22.19 43.11 48.35
2005  08  24 6.25 141.43 22.14 42.5 48.25
2005  08  25 6.29 141.44 22.32 42.8 48.49
2005  08  26 6.25 141.93 22.27 42.77 47.86
2005  08  29 6.26 144.37 22.42 43.3 47.87
2005  08  30 6.36 143.78 22.45 43.11 48.03
2005  08  31 6.4 143.14 22.61 43.17 49.08
2005  09  01 6.32 143.27 22.46 43.39 50.54
2005  09  02 6.31 144.37 22.32 43.57 49.72
2005  09  06 6.66 143.7 22.3 44.02 50.03
2005  09  07 6.65 147.58 22.18 43.78 50.36
2005  09  08 6.8 147.84 21.98 43.7 50.23
2005  09  09 7.01 149.69 21.95 44.28 51.79
2005  09  12 7.02 155.03 21.98 44.01 51.23
2005  09  13 6.94 156.0 21.87 43.22 50.7
2005  09  14 6.77 151.65 21.73 42.82 51.19
2005  09  15 6.81 151.46 21.7 43.19 51.18
2005  09  16 6.99 150.25 21.53 43.54 52.2
2005  09  19 7.19 152.05 21.47 43.24 52.96
2005  09  20 7.26 154.11 21.34 43.61 52.88
2005  09  21 7.12 156.11 21.05 43.5 53.24
2005  09  22 7.09 155.84 20.93 44.12 53.25
2005  09  23 7.26 157.84 20.87 44.15 52.3
2005  09  26 7.35 157.3 20.87 44.04 52.93
2005  09  27 7.3 157.13 20.93 44.43 52.95
2005  09  28 6.97 153.15 21.2 44.7 53.02
2005  09  29   -  154.96 21.42 45.24 53.1
2005  09  30 7.32 158.39 21.25 46.27 52.07
2005  10  03 7.43 159.5 21.06 46.15 51.21
2005  10  04 7.34 155.66 20.63 45.2 49.62
2005  10  05 7.21 155.51 20.37 44.44 48.3
2005  10  06 7.06 156.53 20.42 43.75 47.99
2005  10  07 7.0 156.65 20.31 43.61 48.84
2005  10  10 6.88 155.48 20.2 43.45 47.94
2005  10  11 7.04 153.2 20.16 43.59 48.67
2005  10  12 6.72 150.64 20.07 43.6 48.3
2005  10  13 7.34 148.87 20.31 43.73 47.66
2005  10  14 7.37 148.22 20.37 43.66 48.05
2005  10  17 7.3 152.65 20.26 43.41 48.23
2005  10  18 7.13 151.79 20.29 43.07 46.13
2005  10  19 7.5 154.5 20.72 43.54 46.85
2005  10  20 7.67 151.75 20.47 43.15 45.23
2005  10  21 7.6 170.12 20.47 42.87 45.37
2005  10  24 7.75 174.5 20.73 43.1 46.58
2005  10  25 7.66 173.63 20.67 43.48 46.87
2005  10  26 7.79 177.9 20.74 43.01 46.05
2005  10  27 7.57 176.71 20.52 43.03 45.56
2005  10  28 7.44 179.26 21.09 43.74 46.14
2005  10  31 7.86 186.26 21.23 43.79 46.0
2005  11  01 7.85 189.88 21.44 43.21 46.22
2005  11  02 8.19 190.03 21.85 43.53 47.02
2005  11  03 8.45 193.17 21.84 43.77 47.99
2005  11  04 8.35 195.41 22.02 43.74 47.44
2005  11  07 8.22 197.71 22.31 43.47 46.79
2005  11  08 8.18 195.15 22.34 43.57 47.25
2005  11  09 8.21   - 22.27 43.8 47.36
2005  11  10 8.35 195.75 22.37 44.09 46.49
2005  11  11 8.4 195.4 22.53 44.09 46.55
2005  11  14 8.39 198.68 22.6 43.74 46.66
2005  11  15 8.5 196.6 22.78 43.8 46.48
2005  11  16 8.87 199.27 22.98 44.27 47.09
2005  11  17 8.81 201.93 23.17 44.7 47.26
2005  11  18 8.82 200.31 23.25 44.93 47.97
2005  11  21 8.87 204.88 23.33 45.08 48.9
2005  11  22 9.08 208.44 23.12 44.69 49.14
2005  11  23 9.16 211.64 23.13 44.59 49.31
2005  11  25 9.47 214.52 22.99 44.8 49.51
2005  11  28 9.51 211.95 22.99 44.67 48.38
2005  11  29 9.3 201.97 22.93 45.11 48.05
2005  11  30 9.26 202.66 22.93 44.73 47.79
2005  12  01 9.78 207.25 23.1 45.08 48.88
2005  12  02 9.92 209.06 23.2 44.86 48.65
2005  12  05 9.81 203.13 23.07 44.92 49.01
2005  12  06 10.11 202.47 22.94 44.9 49.16
2005  12  07 10.1 202.31 22.99 44.61 48.61
2005  12  08 10.12 205.53 22.94 44.59 48.94
2005  12  09 10.15 204.8 22.95 44.84 48.18
2005  12  12 10.23 206.51 22.74 44.51 48.48
2005  12  13 10.24 208.95 22.47 45.76 48.64
2005  12  14 9.83 209.69 22.44 46.63 49.3
2005  12  15 9.86 211.49 22.3 46.14 49.0
2005  12  16 9.71 215.29 22.28 45.45 47.82
2005  12  19 9.75 212.51 22.22 45.79 47.52
2005  12  20 9.85 215.09 22.25 45.53 47.71
2005  12  21 10.04 213.38 22.14 45.77 47.44
2005  12  22 10.11 216.24 22.02 45.97 47.03
2005  12  23 10.02 215.68 22.07 46.05 47.03
2005  12  27 10.14 212.53 21.92 45.83 46.01
2005  12  28 10.05 213.56 21.86 45.79 46.33
2005  12  29 9.76 210.29 21.76 45.69 46.32
2005  12  30 9.82 207.64 21.66 45.27 46.26
2006  01  03 10.21 217.83 22.23 45.97 48.16
2006  01  04 10.24 222.84 22.34 46.06 48.24
2006  01  05 10.16 225.85 22.36 45.91 48.0
2006  01  06 10.42 233.06 22.29 45.86 48.95
2006  01  09 10.38 233.68 22.25 46.21 48.92
2006  01  10 11.04 235.12 22.36 46.03 49.3
2006  01  11 11.46 236.05 22.6 46.19 49.64
2006  01  12 11.51 232.05 22.48 45.68 49.12
2006  01  13 11.69 233.36 22.52 46.07 50.21
2006  01  17 11.57 233.79 22.36 45.87 50.68
2006  01  18 11.26 222.68 22.22 46.11 49.98
2006  01  19 10.79 218.44 22.38 45.98 50.65
2006  01  20 10.39 199.93 21.88 45.46 49.85
2006  01  23 10.61 213.96 21.83 45.3 50.4
2006  01  24 10.38 221.74 21.77 45.48 50.21
2006  01  25 10.13 216.72 21.87 45.95 49.59
2006  01  26 9.88 217.35 21.95 46.23 49.37
2006  01  27 9.84 216.96 23.02 46.95 50.48
2006  01  30 10.24 213.62 23.19 46.48 51.98
2006  01  31 10.31 216.55 23.32 46.55 51.68
2006  02  01 10.3 201.09 23.23 47.01 51.02
2006  02  02 9.84 198.22 22.93 46.88 51.02
2006  02  03 9.81 190.97 22.81 46.9 50.56
2006  02  06 9.19 192.74 22.51 46.99 51.04
2006  02  07 9.23 184.14 22.31 46.62 49.87
2006  02  08 9.4 184.72 22.29 46.74 50.0
2006  02  09 8.87 179.56 22.08 46.85 49.61
2006  02  10 9.19 181.49 22.11 46.92 49.21
2006  02  13 8.84 173.02 21.86 46.71 49.35
2006  02  14 9.24 171.83 22.07 47.03 49.31
2006  02  15 9.45 171.36 22.34 47.24 49.48
2006  02  16 9.64 183.41 22.28 47.73 49.89
2006  02  17 9.6 184.56 22.19 47.94 50.13
2006  02  21 9.43 183.48 22.06 47.85 50.31
2006  02  22 9.74 182.93 22.21 48.68 49.89
2006  02  23 9.8 189.22 22.16 48.32 49.54
2006  02  24 9.76 188.89 22.13 48.33 50.03
2006  02  27 9.69 195.39 22.48 48.21 49.61
2006  02  28 9.35 181.49 22.33 47.1 49.16
2006  03  01 9.44 182.58 22.56 47.24 49.96
2006  03  02 9.5 188.41 22.42 46.8 50.38
2006  03  03 9.25 189.28 22.38 46.89 50.49
2006  03  06 8.94 184.23 22.37 46.89 49.66
2006  03  07 9.05 182.41 22.49 47.39 49.55
2006  03  08 8.97 177.12 22.65 47.99 49.44
2006  03  09 8.73 171.67 22.44 48.25 48.78
2006  03  10 8.63 168.92 22.58 48.92 49.0
2006  03  13 8.97 168.7 22.53 48.71 49.38
2006  03  14 9.19 175.76 22.63 47.16 50.35
2006  03  15 9.04 172.42 22.74 47.08 50.52
2006  03  16 8.78 169.55 22.66 46.67 51.04
2006  03  17 8.83 170.07 22.86 46.45 50.55
2006  03  20 8.74 174.27 23.18 46.51 50.22
2006  03  21 8.44 170.13 23.06 46.39 50.27
2006  03  22 8.42 170.28 22.57 46.75 50.55
2006  03  23 8.21 171.12 22.32 46.09 50.71
2006  03  24 8.19 183.08 22.45 46.16 50.65
2006  03  27 8.13 185.03 22.45 45.81 50.75
2006  03  28 8.02 188.79 22.36 45.21 50.47
2006  03  29 8.51 197.69 22.46 45.38 50.74
2006  03  30 8.57 194.41 22.63 45.29 50.61
2006  03  31 8.56 195.2 22.61 45.29 50.39
2006  04  03 8.55 195.05 22.91 45.49 50.53
2006  04  04 8.35 202.37 22.97 45.58 51.13
2006  04  05 9.18 204.2 23.06 45.28 51.47
2006  04  06 9.73 205.8 22.91 45.19 51.41
2006  04  07 9.53 203.28 22.65 45.02 50.78
2006  04  10 9.38 208.4 22.68 44.91 51.28
2006  04  11 9.28 205.04 22.55 44.4 51.33
2006  04  12 9.11 204.68 22.61 44.34 50.89
2006  04  13 9.08 201.28 22.5 44.48 50.97
2006  04  17 8.85 203.61 22.31 44.03 51.38
2006  04  18 9.04 202.32 22.62 44.14 52.61
2006  04  19 8.96 205.46 22.47 44.31 53.24
2006  04  20 9.23 207.71 22.47 44.46 52.92
2006  04  21 9.15 218.77 22.57 44.52 53.82
2006  04  24 8.98 220.47 22.53 44.73 53.33
2006  04  25 9.04 213.79 22.53 45.26 52.95
2006  04  26 9.31 213.2 22.52 45.84 52.25
2006  04  27 9.47 210.23 22.65 46.14 51.68
2006  04  28 9.61 209.18 20.07 46.0 52.23
2006  05  01 9.5 199.65 20.19 45.74 52.51
2006  05  02 9.78 197.6 19.96 45.92 53.55
2006  05  03 9.71 197.28 19.26 44.43 52.8
2006  05  04 9.71 197.57 19.48 44.14 52.42
2006  05  05 9.82 197.35 19.78 44.04 52.99
2006  05  08 9.82 197.59 19.72 44.52 52.75
2006  05  09 9.7 204.6 19.63 44.65 52.94
2006  05  10 9.64 201.69 19.76 44.52 53.16
2006  05  11 9.31 193.69 19.3 43.98 52.81
2006  05  12 9.24 187.25 19.26 43.47 51.79
2006  05  15 9.26 188.29 19.32 43.91 51.59
2006  05  16 8.87 185.84 19.2 44.29 51.56
2006  05  17 8.91 187.44 18.97 43.72 50.08
2006  05  18 8.63 185.68 19.05 43.38 49.84
2006  05  19 8.81 185.2 18.82 42.79 50.3
2006  05  22 8.65 185.66 19.09 42.9 50.58
2006  05  23 8.62 187.98 19.02 43.06 50.25
2006  05  24 8.65 190.82 19.61 43.32 50.01
2006  05  25 8.78 191.69 19.81 43.67 51.19
2006  05  26 8.68 190.87 19.79 43.57 51.24
2006  05  30 8.36 186.16 19.32 42.97 50.09
2006  05  31 8.16 186.1 18.9 42.87 50.69
2006  06  01 8.49 191.5 19.04 43.05 50.85
2006  06  02 8.42 189.91 18.99 42.63 51.3
2006  06  05 8.19 187.41 18.77 42.03 49.97
2006  06  06 8.15 195.19 18.46 42.18 50.26
2006  06  07 8.0 193.45 18.39 42.07 48.95
2006  06  08 8.3 196.85 18.45 43.26 49.57
2006  06  09 8.09 193.48 18.29 43.03 48.93
2006  06  12 7.78 190.96 18.11 42.92 48.46
2006  06  13 7.96 193.45 17.95 42.78 47.14
2006  06  14 7.87 192.39 18.26 43.33 48.1
2006  06  15 8.11 195.7 18.41 43.37 49.2
2006  06  16 7.86 195.55 18.44 43.48 48.93
2006  06  19 7.81 194.26 18.81 43.36 47.76
2006  06  20 7.85 193.78 18.82 43.92 47.76
2006  06  21 7.9 201.27 19.26 44.11 48.31
2006  06  22 8.14 200.18 19.09 44.14 48.24
2006  06  23 8.03 202.63 18.77 44.04 48.35
2006  06  26 8.05 202.31 19.04 44.25 48.95
2006  06  27 7.84 201.36 19.07 44.06 49.64
2006  06  28 7.65 203.26 19.32 44.07 50.86
2006  06  29 8.05 209.11 19.58 45.04 51.9
2006  06  30 7.82 209.87 19.44 43.94 51.05
2006  07  03 7.91 211.81 19.77 44.49 51.72
2006  07  05 7.78 210.94 19.48 44.2 52.05
2006  07  06 7.62 211.81 19.59 44.61 52.82
2006  07  07 7.56 210.44 19.44 44.65 52.29
2006  07  10 7.51 209.31 19.61 45.03 52.46
2006  07  11 7.6 212.49 19.27 45.24 53.24
2006  07  12 7.23 208.83 18.89 44.74 53.23
2006  07  13 7.13 204.62 18.57 44.68 53.32
2006  07  14 6.92 201.95 18.6 43.99 54.01
2006  07  17 7.15 204.15 18.76 44.11 53.26
2006  07  18 7.22 201.73 18.97 44.1 53.76
2006  07  19 7.39 199.7 19.52 45.01 53.81
2006  07  20 8.26 193.75 19.07 44.99 53.46
2006  07  21 8.29 195.25 19.92 44.56 53.2
2006  07  24 8.39 195.65 20.02 45.22 54.39
2006  07  25 8.46 194.87 20.21 45.2 54.7
2006  07  26 8.72 192.94 20.33 45.03 55.42
2006  07  27 8.66 191.39 19.92 44.85 55.31
2006  07  28 8.96 194.25 20.23 45.15 55.75
2006  07  31 9.28 193.49 20.07 44.66 56.37
2006  08  01 9.17 187.94 20.02 44.45 56.74
2006  08  02 9.31 183.8 20.28 46.32 56.98
2006  08  03 9.5 187.88 20.2 47.24 56.89
2006  08  04 9.33 187.11 20.27 47.24 57.16
2006  08  07 9.18 189.16 20.21 47.2 57.61
2006  08  08 8.85 190.69 20.31 47.46 57.64
2006  08  09 8.68 188.66 20.39 47.31 57.66
2006  08  10 8.75 187.29 20.41 47.89 57.97
2006  08  11 8.69 184.43 20.38 47.89 58.29
2006  08  14 8.73 184.9 20.47 47.49 57.89
2006  08  15 9.07 190.68 20.62 48.03 57.42
2006  08  16 9.28 194.05 20.68 48.01 56.49
2006  08  17 9.23 193.09 20.68 47.95 56.91
2006  08  18 9.27 191.87 21.6 47.99 57.77
2006  08  21 9.09 188.84 21.87 48.3 58.38
2006  08  22 9.23 189.33 21.46 48.51 58.7
2006  08  23 9.19 186.9 21.5 48.41 58.21
2006  08  24 9.26 187.05 21.56 48.51 59.12
2006  08  25 9.39 186.82 21.65 48.37 58.88
2006  08  28 9.15 190.67 21.73 48.46 58.6
2006  08  29 9.08 189.66 21.64 48.63 58.03
2006  08  30 9.14 190.57 21.61 49.07 57.1
2006  08  31 9.26 189.45 21.52 49.19 56.57
2006  09  01 9.34 189.49 21.64 49.2 56.93
2006  09  05 9.76 192.37 21.45 48.92 57.25
2006  09  06 9.56 190.26 21.45 48.82 56.16
2006  09  07 9.94 189.43 21.3 48.9 56.59
2006  09  08 9.9 189.11 21.44 48.59 55.85
2006  09  11 9.9 192.24 21.7 49.21 54.29
2006  09  12 9.92 196.15 21.71 49.15 54.09
2006  09  13 10.13 203.49 21.76 48.13 54.64
2006  09  14 10.13 202.19 22.05 48.29 54.1
2006  09  15 10.12 205.15 22.49 48.4 54.05
2006  09  18 10.09 207.55 22.43 48.08 55.43
2006  09  19 10.07 202.11 22.49 48.4 54.76
2006  09  20 10.28 198.7 22.76 48.98 53.6
2006  09  21 10.19 203.63 22.53 49.06 54.16
2006  09  22 9.97 202.09 22.33 49.12 54.26
2006  09  25 10.34 202.19 22.57 49.5 54.39
2006  09  26 10.6 203.64 22.78 49.65 55.54
2006  09  27 10.43 201.66 22.98 49.85 56.12
2006  09  28 10.52 201.99 22.95 49.48 56.4
2006  09  29 10.51 201.15 22.9 49.25 56.1
2006  10  02 10.22 200.92 22.91 49.3 56.01
2006  10  03 10.12 202.22 22.92 49.51 54.68
2006  10  04 10.29 208.06 23.4 50.33 55.69
2006  10  05 10.22 206.11 23.38 50.48 56.28
2006  10  06 10.13 210.46 23.34 50.14 56.45
2006  10  09 10.19 214.71 23.21 49.94 55.64
2006  10  10 10.08 213.54 23.19 49.84 56.18
2006  10  11 10.0 213.46 23.06 49.65 55.62
2006  10  12 10.28 213.93 23.63 49.6 56.56
2006  10  13 10.24 213.86 23.76 49.37 57.18
2006  10  16 10.3 211.09 23.83 49.31 58.38
2006  10  17 10.14 210.53 23.82 49.47 58.03
2006  10  18 10.18 209.86 23.88 49.99 57.83
2006  10  19 10.79 213.24 23.69 49.92 58.29
2006  10  20 10.92 230.07 23.81 50.06 58.14
2006  10  23 11.12 240.63 23.83 50.54 58.45
2006  10  24 11.07 236.89 23.68 50.22 58.43
2006  10  25 11.15 243.54 23.71 50.42 59.36
2006  10  26 11.22 242.79 23.74 50.71 59.87
2006  10  27 10.98 237.84 23.73 50.76 59.74
2006  10  30 10.98 238.52 23.89 50.96 59.22
2006  10  31 11.07 238.43 24.04 50.63 59.71
2006  11  01 10.81 233.98 24.13 50.35 59.41
2006  11  02 10.78 235.19 24.09 50.53 59.51
2006  11  03 10.69 236.14 24.06 50.63 60.32
2006  11  06 10.88 238.71 24.15 50.76 60.95
2006  11  07 10.99 236.52 24.24 51.2 60.64
2006  11  08 11.26 237.74 24.27 51.15 61.97
2006  11  09 11.38 236.55 24.5 50.95 62.64
2006  11  10 11.35 237.01 24.49 50.87 62.48
2006  11  13 11.52 240.76 24.58 50.51 62.49
2006  11  14 11.61 244.89 24.56 50.47 62.51
2006  11  15 11.48 246.21 24.47 50.41 62.8
2006  11  16 11.69 248.2 24.76 50.73 61.02
2006  11  17 11.72 249.64 24.7 51.0 61.36
2006  11  20 11.81 247.77 25.12 50.87 60.81
2006  11  21 12.1 255.08 25.14 50.52 61.62
2006  11  22 12.33 254.26 25.14 50.83 61.22
2006  11  24 12.51 252.75 25.01 50.74 60.77
2006  11  27 12.23 242.62 24.77 50.19 60.85
2006  11  28 12.54 244.99 24.7 50.37 62.27
2006  11  29 12.53 242.57 24.85 50.48 63.84
2006  11  30 12.52 242.65 24.67 50.15 64.49
2006  12  01 12.47 240.64 24.47 50.07 64.82
2006  12  04 12.44 242.67 24.65 50.65 65.3
2006  12  05 12.46 243.74 24.48 50.72 65.54
2006  12  06 12.27 244.6 24.36 50.95 64.07
2006  12  07 11.88 241.56 24.24 50.95 63.57
2006  12  08 12.05 242.3 24.7 51.03 63.39
2006  12  11 12.12 242.21 24.82 51.01 63.27
2006  12  12 11.76 241.13 24.73 50.87 64.02
2006  12  13 12.16 239.73 24.83 50.63 64.95
2006  12  14 12.09 241.3 25.27 50.59 66.1
2006  12  15 11.98 240.39 25.37 51.2 64.9
2006  12  18 11.67 231.63 25.12 51.24 63.4
2006  12  19 11.79 234.55 25.2 51.42 64.64
2006  12  20 11.57 231.68 25.28 51.49 63.88
2006  12  21 11.32 228.33 25.19 51.15 63.7
2006  12  22 11.22 228.02 24.91 50.95 63.32
2006  12  26 11.13 228.99 25.2 51.27 63.85
2006  12  27 11.13 234.25 25.23 51.45 64.62
2006  12  28 11.04 231.51 25.19 51.5 64.93
2006  12  29 11.58 230.47 25.09 51.33 64.34
2007  01  03 11.44 234.03 25.09 51.54 62.22
2007  01  04 11.7 241.87 25.05 51.15 61.06
2007  01  05 11.61 243.84 24.91 50.71 61.49
2007  01  08 11.67 242.03 25.15 50.83 61.0
2007  01  09 12.64 242.99 25.18 50.7 60.53
2007  01  10 13.24 244.97 24.92 51.31 59.6
2007  01  11 13.08 250.11 25.8 51.62 59.6
2007  01  12 12.92 252.75 26.23 51.91 61.01
2007  01  16 13.26 252.39 26.18 51.91 60.14
2007  01  17 12.96 248.89 26.13 52.45 60.84
2007  01  18 12.16 244.16 26.05 52.59 60.42
2007  01  19 12.08 245.12 26.14 53.04 61.74
2007  01  22 11.85 240.66 25.81 52.74 61.21
2007  01  23 11.7 239.76 25.83 52.67 62.54
2007  01  24 11.84 249.78 26.12 52.57 62.89
2007  01  25 11.78 244.29 25.59 52.1 61.73
2007  01  26 11.66 248.17 25.71 52.05 61.8
2007  01  29 11.73 246.48 25.65 52.06 61.46
2007  01  30 11.68 247.41 25.61 51.83 62.46
2007  01  31 11.71 251.0 25.93 52.06 62.22
2007  02  01 11.57 241.12 25.68 52.43 63.04
2007  02  02 11.57 240.99 25.37 52.43 63.43
2007  02  05 11.46 233.81 24.88 52.28 63.53
2007  02  06 11.49 235.98 24.8 51.83 63.36
2007  02  07 11.76 235.24 24.68 51.74 63.06
2007  02  08 11.77 235.75 24.59 51.83 63.63
2007  02  09 11.37 231.18 24.35 51.7 63.43
2007  02  12 11.59 229.37 24.32 51.49 62.9
2007  02  13 11.57 229.78 24.46 51.93 63.62
2007  02  14 11.65 233.2 24.79 52.06 63.75
2007  02  15 11.64 230.97 24.84 52.15 63.53
2007  02  16 11.58 235.21 24.23 52.22 63.48
2007  02  20 11.73 236.29 24.31 52.06 63.13
2007  02  21 12.18 238.17 24.75 51.91 63.05
2007  02  22 12.22 238.16 24.78 51.93 63.31
2007  02  23 12.16 235.55 24.37 52.02 63.43
2007  02  26 12.09 232.7 24.51 51.71 63.58
2007  02  27 11.46 224.61 23.5 49.15 60.57
2007  02  28 11.55 224.95 23.75 50.95 60.44
2007  03  01 11.89 224.34 23.69 51.1 59.86
2007  03  02 11.66 219.56 23.41 50.68 59.03
2007  03  05 11.79 220.7 23.23 50.39 59.01
2007  03  06 12.04 229.0 23.47 50.51 59.87
2007  03  07 11.98 228.05 23.28 49.82 60.41
2007  03  08 12.02 227.59 23.04 50.0 60.58
2007  03  09 12.01 226.71 23.01 49.88 59.97
2007  03  12 12.27 227.6 23.14 49.83 59.76
2007  03  13 12.07 221.74 22.53 49.09 58.95
2007  03  14 12.29 224.22 23.1 49.24 59.88
2007  03  15 12.23 223.32 23.0 49.68 59.61
2007  03  16 12.23 220.65 23.05 49.44 58.91
2007  03  19 12.44 223.84 23.47 49.74 59.95
2007  03  20 12.49 222.86 23.48 49.98 60.71
2007  03  21 12.82 228.5 24.05 50.52 61.75
2007  03  22 12.83 231.25 23.84 51.24 62.7
2007  03  23 12.77 231.15 23.63 51.2 63.26
2007  03  26 13.09 232.73 23.8 51.28 63.64
2007  03  27 13.03 232.04 23.37 50.77 63.84
2007  03  28 12.73 231.17 23.31 50.56 63.71
2007  03  29 12.8 230.69 23.4 50.76 64.29
2007  03  30 12.69 229.31 23.5 50.68 63.62
2007  04  02 12.79 229.49 23.39 50.57 64.22
2007  04  03 12.9 236.54 23.5 50.48 64.76
2007  04  04 12.87 235.75 24.03 50.6 65.02
2007  04  05 12.93 235.99 24.07 50.56 65.11
2007  04  09 12.79 234.34 24.09 50.76 64.76
2007  04  10 12.87 233.48 23.95 50.72 65.41
2007  04  11 12.64 232.5 23.7 50.59 64.73
2007  04  12 12.59 233.93 24.07 50.97 65.26
2007  04  13 12.32 233.38 24.12 50.86 65.27
2007  04  16 12.48 237.37 24.23 51.14 65.91
2007  04  17 12.34 236.64 24.33 51.28 66.11
2007  04  18 12.34 238.24 24.12 51.17 65.94
2007  04  19 12.33 236.06 24.19 51.05 65.31
2007  04  20 12.42 241.48 24.47 51.2 67.25
2007  04  23 12.77 239.78 24.27 51.06 66.78
2007  04  24 12.73 239.0 24.28 51.14 66.28
2007  04  25 13.02 239.23 24.44 51.26 67.39
2007  04  26 13.5 240.83 24.54 50.83 67.92
2007  04  27 13.64 239.74 25.4 50.82 67.76
2007  04  30 13.63 235.93 25.25 51.96 66.93
2007  05  01 13.58 234.73 25.63 50.8 67.17
2007  05  02 13.71 233.12 25.81 50.33 67.3
2007  05  03 13.71 236.85 26.11 50.03 68.03
2007  05  04 13.77 235.8 25.77 50.36 67.92
2007  05  07 14.19 233.87 25.9 50.17 68.16
2007  05  08 14.35 233.64 25.93 49.83 68.62
2007  05  09 14.59 234.86 25.95 50.04 68.65
2007  05  10 14.66 230.97 25.79 49.62 67.23
2007  05  11 14.85 233.6 26.05 49.75 68.79
2007  05  14 14.93 231.12 26.11 49.8 68.81
2007  05  15 14.68 229.23 26.14 50.08 68.7
2007  05  16 14.66 236.54 26.28 51.09 68.98
2007  05  17 14.94 235.72 26.21 51.13 69.27
2007  05  18 15.02 235.4 26.08 51.22 70.51
2007  05  21 15.29 235.54 26.27 51.05 70.79
2007  05  22 15.5 238.17 25.96 50.84 70.09
2007  05  23 15.41 237.22 25.87 50.92 70.28
2007  05  24 15.11 237.4 25.52 50.73 69.68
2007  05  25 15.51 242.0 25.78 50.8 70.72
2007  05  29 15.61 243.8 26.05 51.36 69.97
2007  05  30 16.22 249.55 26.32 51.52 71.13
2007  05  31 16.55 249.2 25.96 51.28 70.43
2007  06  01 16.17 250.45 25.88 51.22 71.32
2007  06  04 16.57 253.79 25.99 50.99 71.32
2007  06  05 16.75 259.68 25.87 51.21 71.35
2007  06  06 16.88 259.38 25.62 50.99 70.81
2007  06  07 16.94 257.79 25.06 50.29 69.41
2007  06  08 17.0 258.0 25.42 50.89 70.02
2007  06  11 16.41 255.93 25.4 50.88 70.34
2007  06  12 16.44 252.64 25.25 50.16 69.44
2007  06  13 16.04 252.87 25.71 50.33 70.58
2007  06  14 16.21 251.67 25.82 50.37 71.79
2007  06  15 16.45 253.2 25.79 50.49 72.78
2007  06  18 17.08 257.86 25.81 49.84 73.13
2007  06  19 16.89 257.41 25.77 49.88 72.69
2007  06  20 16.6 255.24 25.39 49.98 70.14
2007  06  21 16.92 257.31 25.56 49.93 71.39
2007  06  22 16.8 262.75 24.95 49.25 69.88
2007  06  25 16.7 263.97 24.95 49.29 69.75
2007  06  26 16.34 265.4 24.97 49.37 69.29
2007  06  27 16.64 263.41 25.27 49.57 70.69
2007  06  28 16.46 262.77 25.23 49.51 70.8
2007  06  29 16.66 261.61 24.93 49.37 71.03
2007  07  02 16.56 265.46 25.16 49.82 71.83
2007  07  03 17.36 267.44 25.4 49.86 72.29
2007  07  05 18.13 271.09 25.37 49.76 72.12
2007  07  06 18.06 269.97 25.35 49.61 73.22
2007  07  09 17.8 271.55 25.27 49.64 74.05
2007  07  10 18.07 271.94 24.81 49.25 73.25
2007  07  11 18.08 272.51 24.95 49.67 73.92
2007  07  12 18.31 272.94 25.44 50.78 75.89
2007  07  13 18.81 276.36 25.23 50.56 76.5
2007  07  16 18.86 276.77 25.4 50.96 75.96
2007  07  17 18.97 277.78 26.04 50.58 75.45
2007  07  18 18.86 275.03 26.16 50.79 77.19
2007  07  19 19.12 274.57 26.66 50.95 78.15
2007  07  20 19.63 260.32 26.36 50.43 77.86
2007  07  23 19.62 256.51 26.39 51.4 79.13
2007  07  24 18.42 257.26 26.06 51.09 76.93
2007  07  25 18.74 255.14 25.98 51.1 78.58
2007  07  26 19.94 254.25 25.36 50.76 74.72
2007  07  27 19.64 256.2 24.86 50.97 72.48
2007  07  30 19.31 258.31 24.87 51.34 72.84
2007  07  31 17.99 255.26 24.52 50.2 72.09
2007  08  01 18.43 256.73 24.79 51.25 72.69
2007  08  02 18.64 255.76 24.97 51.36 72.13
2007  08  03 18.0 251.75 24.5 51.02 69.51
2007  08  06 18.47 255.26 24.99 52.74 70.75
2007  08  07 18.44 258.27 25.0 52.93 72.57
2007  08  08 18.3 263.15 25.38 52.87 74.44
2007  08  09 17.26 257.62 24.79 52.72 71.08
2007  08  10 17.07 258.13 24.29 53.06 71.85
2007  08  13 17.45 258.01 24.22 52.16 70.5
2007  08  14 16.94 254.55 24.0 51.7 70.68
2007  08  15 16.37 249.02 23.85 51.51 69.45
2007  08  16 15.98 246.01 23.61 51.96 68.59
2007  08  17 16.67 250.27 23.98 53.03 71.54
2007  08  20 16.69 249.21 23.99 52.75 71.87
2007  08  21 17.42 253.56 23.83 52.31 70.7
2007  08  22 18.09 256.63 23.96 52.53 71.06
2007  08  23 17.9 256.35 24.02 52.78 71.21
2007  08  24 18.47 257.76 24.46 53.5 72.86
2007  08  27 18.06 256.89 24.19 52.93 72.37
2007  08  28 17.32 253.45 23.71 52.5 70.57
2007  08  29 18.31 256.7 24.27 52.84 72.46
2007  08  30 18.6 255.96 24.15 52.75 72.61
2007  08  31 18.91 257.88 24.39 52.99 72.89
2007  09  04 19.68 262.84 24.46 53.11 74.17
2007  09  05 18.67 264.16 24.18 53.12 74.16
2007  09  06 18.43 262.02 24.54 53.64 74.39
2007  09  07 17.99 259.93 24.14 53.12 72.91
2007  09  10 18.67 257.5 24.18 53.47 72.15
2007  09  11 18.5 260.93 24.56 54.36 73.92
2007  09  12 18.69 261.59 24.56 54.62 74.52
2007  09  13 18.73 262.65 24.75 54.74 75.35
2007  09  14 18.95 264.64 24.65 55.02 75.39
2007  09  17 18.9 262.91 24.39 55.14 75.89
2007  09  18 19.24 267.9 24.56 55.73 78.02
2007  09  19 19.22 273.7 24.34 55.82 78.32
2007  09  20 19.16 276.69 24.13 55.97 78.3
2007  09  21 19.68 280.33 24.32 56.31 78.48
2007  09  24 20.25 284.29 24.69 56.64 77.99
2007  09  25 20.92 284.78 25.09 56.68 78.19
2007  09  26 20.86 284.36 25.04 57.21 78.54
2007  09  27 21.1 284.03 25.03 56.88 79.05
2007  09  28 20.96 283.92 25.01 57.08 78.7
2007  10  01 21.35 291.57 25.27 57.54 79.88
2007  10  02 21.64 292.49 25.21 57.39 78.42
2007  10  03 21.56 292.3 25.0 57.13 77.65
2007  10  04 21.33 289.8 25.22 57.47 77.3
2007  10  05 22.05 297.32 25.33 57.47 77.68
2007  10  08 22.93 305.12 25.33 57.38 77.1
2007  10  09 22.92 307.9 25.55 57.68 78.79
2007  10  10 22.77 313.01 25.66 57.94 79.18
2007  10  11 22.15 311.31 25.39 58.24 78.78
2007  10  12 22.84 319.01 25.61 58.18 79.48
2007  10  15 22.8 310.37 25.5 57.61 80.62
2007  10  16 23.16 308.31 25.74 57.47 80.55
2007  10  17 23.59 317.06 26.38 57.56 80.6
2007  10  18 23.69 320.13 26.45 57.82 80.81
2007  10  19 23.27 322.68 25.61 57.74 78.34
2007  10  22 23.81 325.7 25.9 57.95 77.29
2007  10  23 25.42 338.22 26.23 58.11 77.67
2007  10  24 25.39 338.25 26.53 58.21 78.33
2007  10  25 24.96 334.59 27.16 58.18 77.86
2007  10  26 25.22 337.64 29.74 58.51 78.4
2007  10  29 25.27 339.95 29.35 58.57 79.59
2007  10  30 25.53 347.73 30.2 56.23 77.49
2007  10  31 25.94 353.85 31.25 56.69 78.21
2007  11  01 25.59 351.96 31.46 55.93 75.24
2007  11  02 25.65 355.98 31.46 56.72 74.76
2007  11  05 25.42 363.19 31.18 57.23 74.53
2007  11  06 26.19 371.27 30.91 57.47 76.84
2007  11  07 25.44 366.84 30.15 56.61 74.43
2007  11  08 23.96 347.27 29.49 57.77 76.32
2007  11  09 22.58 332.32 28.63 57.43 74.13
2007  11  12 21.0 316.35 28.34 57.71 72.16
2007  11  13 23.21 330.61 29.35 58.36 74.15
2007  11  14 22.68 321.16 28.9 58.34 73.67
2007  11  15 22.43 315.14 28.75 58.57 72.11
2007  11  16 22.72 317.13 29.04 59.68 72.64
2007  11  19 22.39 313.24 28.92 59.38 71.79
2007  11  20 23.06 324.59 29.45 59.7 74.96
2007  11  21 23.0 330.59 29.15 58.93 74.29
2007  11  23 23.42 338.69 29.05 59.41 75.36
2007  11  26 23.56 333.33 28.08 58.87 73.13
2007  11  27 23.87 337.12 28.16 59.64 73.73
2007  11  28 24.61 346.48 28.7 60.27 75.04
2007  11  29 25.16 348.85 28.61 60.47 75.61
2007  11  30 24.88 346.85 28.62 60.34 76.1
2007  12  03 24.42 341.11 28.04 59.95 75.84
2007  12  04 24.55 342.42 27.91 59.77 75.21
2007  12  05 25.33 349.6 29.09 60.19 76.75
2007  12  06 25.94 357.99 29.43 60.49 78.05
2007  12  07 26.53 357.79 29.41 60.44 78.1
2007  12  10 26.52 359.57 29.61 60.61 78.55
2007  12  11 25.74 349.95 29.04 60.21 77.06
2007  12  12 26.06 350.03 29.36 60.89 78.46
2007  12  13 26.19 347.37 30.0 60.67 79.14
2007  12  14 26.0 345.33 30.07 60.26 77.82
2007  12  17 25.18 334.95 29.29 59.72 76.72
2007  12  18 24.99 337.01 29.59 59.4 78.03
2007  12  19 25.0 339.02 29.63 59.51 78.04
2007  12  20 25.56 345.19 30.25 59.68 78.64
2007  12  21 26.48 348.69 30.71 60.41 79.75
2007  12  24 27.15 350.72 31.16 60.3 79.94
2007  12  26 27.17 355.78 31.18 60.38 80.92
2007  12  27 27.11 350.72 30.64 60.25 79.95
2007  12  28 27.29 351.62 30.76 60.55 81.09
2007  12  31 27.05 346.09 30.32 59.87 79.97
2008  01  02 26.6 342.94 30.0 58.97 79.81
2008  01  03 26.62 343.01 30.13 58.97 80.09
2008  01  04 24.58 328.83 29.28 58.73 78.59
2008  01  07 24.26 324.95 29.48 59.11 77.86
2008  01  08 23.38 316.16 28.49 59.27 76.86
2008  01  09 24.5 326.93 29.33 59.15 78.15
2008  01  10 24.31 323.69 29.24 59.11 78.23
2008  01  11 23.58 319.44 28.88 57.23 77.07
2008  01  14 24.41 327.24 29.29 57.32 77.53
2008  01  15 23.08 319.14 28.96 56.84 75.98
2008  01  16 21.8 308.28 28.3 56.42 73.86
2008  01  17 21.97 300.7 28.2 55.79 71.62
2008  01  18 22.03 300.43 28.12 55.03 72.62
2008  01  22 21.25 292.47 27.22 53.38 70.37
2008  01  23 18.99 274.58 27.2 54.29 71.23
2008  01  24 18.52 287.53 28.32 54.22 73.4
2008  01  25 17.75 283.48 28.06 53.53 71.65
2008  01  28 17.75 278.27 27.87 53.51 72.66
2008  01  29 17.96 275.54 27.77 53.01 72.62
2008  01  30 18.05 274.41 27.43 53.35 72.79
2008  01  31 18.48 282.43 27.77 53.62 73.15
2008  02  01 18.26 258.21 25.93 54.13 73.36
2008  02  04 17.98 247.96 25.71 54.22 72.93
2008  02  05 17.66 253.65 24.76 53.31 70.08
2008  02  06 16.66 251.11 24.29 53.53 69.51
2008  02  07 16.55 252.73 23.95 53.9 70.2
2008  02  08 17.13 258.6 24.33 53.29 70.04
2008  02  11 17.68 260.84 24.03 54.09 71.34
2008  02  12 17.05 259.3 24.14 55.04 72.33
2008  02  13 17.67 267.58 24.67 54.91 73.28
2008  02  14 17.4 266.39 24.27 54.61 73.33
2008  02  15 17.02 265.09 24.21 54.34 73.18
2008  02  19 16.68 254.73 24.09 54.35 74.59
2008  02  20 16.91 254.75 24.13 54.23 75.52
2008  02  21 16.6 251.68 24.03 54.06 74.51
2008  02  22 16.31 254.15 23.67 54.26 74.72
2008  02  25 16.35 243.46 23.8 54.65 76.4
2008  02  26 16.27 232.33 24.27 55.47 77.06
2008  02  27 16.79 236.67 24.16 55.08 76.63
2008  02  28 17.74 237.93 23.88 54.89 76.62
2008  02  29 17.07 235.83 23.26 54.24 74.59
2008  03  03 16.62 228.74 23.08 54.38 75.22
2008  03  04 17.02 222.52 23.59 54.13 74.31
2008  03  05 17.0 224.07 24.04 54.67 74.74
2008  03  06 16.51 216.57 23.57 54.51 72.44
2008  03  07 16.69 216.89 23.83 53.93 70.71
2008  03  10 16.34 207.02 23.98 53.9 70.69
2008  03  11 17.39 220.14 25.04 54.63 74.3
2008  03  12 17.21 220.31 24.48 54.94 73.69
2008  03  13 17.47 221.73 24.47 55.21 74.62
2008  03  14 17.29 219.18 23.91 54.7 73.64
2008  03  17 17.3 210.15 24.2 54.95 73.54
2008  03  18 18.14 219.8 25.15 56.17 75.84
2008  03  19 17.71 216.22 24.47 55.58 72.37
2008  03  20 18.2 216.99 24.95 56.85 72.86
2008  03  24 19.05 230.51 24.94 57.35 73.68
2008  03  25 19.25 225.62 24.92 56.99 73.03
2008  03  26 19.81 229.32 24.42 57.08 73.94
2008  03  27 19.15 222.26 23.98 56.89 73.89
2008  03  28 19.53 219.26 23.86 56.91 73.05
2008  03  31 19.59 220.46 24.27 57.43 72.5
2008  04  01 20.42 233.09 25.22 58.31 74.59
2008  04  02 20.14 233.08 24.93 57.76 75.88
2008  04  03 20.7 227.79 24.8 57.76 75.63
2008  04  04 20.9 235.78 24.93 57.86 76.07
2008  04  07 21.29 238.65 24.93 57.79 76.22
2008  04  08 20.87 234.14 24.58 57.9 76.82
2008  04  09 20.68 232.33 24.7 57.54 76.89
2008  04  10 21.1 234.77 24.89 57.52 76.76
2008  04  11 20.09 228.95 24.18 57.37 75.97
2008  04  14 20.18 226.06 23.99 57.47 76.89
2008  04  15 20.26 223.64 24.15 57.56 77.84
2008  04  16 20.99 227.74 24.75 57.1 79.63
2008  04  17 21.09 224.99 24.98 55.69 80.05
2008  04  18 21.99 269.97 25.65 55.37 80.58
2008  04  21 22.96 269.16 26.01 55.89 80.8
2008  04  22 21.87 277.78 25.86 55.61 80.91
2008  04  23 22.24 273.52 26.89 55.37 80.77
2008  04  24 23.07 271.79 27.19 55.09 79.38
2008  04  25 23.18 272.3 25.51 54.86 79.26
2008  04  28 23.52 276.34 24.79 54.58 79.25
2008  04  29 23.9 279.51 24.49 54.32 78.68
2008  04  30 23.75 287.43 24.39 55.27 79.78
2008  05  01 24.58 296.84 25.14 55.25 76.89
2008  05  02 24.71 290.94 25.0 55.06 76.82
2008  05  05 25.22 297.75 24.86 54.94 76.73
2008  05  06 25.49 293.47 25.39 54.94 77.21
2008  05  07 24.93 289.79 24.98 54.24 76.14
2008  05  08 25.27 291.8 25.03 54.34 77.09
2008  05  09 25.05 286.89 25.13 53.75 76.48
2008  05  12 25.69 292.76 25.64 53.87 76.8
2008  05  13 25.94 291.79 25.56 54.18 77.22
2008  05  14 25.43 288.44 25.69 53.99 77.42
2008  05  15 25.91 290.79 26.13 54.7 78.61
2008  05  16 25.62 290.33 25.74 55.02 79.79
2008  05  19 25.07 289.05 25.28 55.11 81.25
2008  05  20 25.38 289.59 24.68 54.29 81.42
2008  05  21 24.33 275.27 24.24 53.72 80.65
2008  05  22 24.18 275.01 24.43 54.09 79.66
2008  05  23 24.74 272.58 24.07 53.8 78.1
2008  05  27 25.46 280.73 24.41 53.64 77.32
2008  05  28 25.54 284.4 24.18 53.47 77.86
2008  05  29 25.49 291.79 24.29 53.97 76.93
2008  05  30 25.77 293.19 24.3 54.44 76.43
2008  06  02 25.41 287.79 23.86 53.87 75.61
2008  06  03 25.31 283.93 23.44 53.92 73.8
2008  06  04 25.29 286.4 23.63 54.77 73.83
2008  06  05 25.87 293.44 24.29 54.95 76.9
2008  06  06 25.35 283.78 23.59 53.88 74.73
2008  06  09 24.8 279.21 23.78 54.46 76.69
2008  06  10 25.35 277.36 23.93 54.95 75.68
2008  06  11 24.69 272.87 23.27 54.57 76.3
2008  06  12 23.66 276.75 24.23 54.78 74.96
2008  06  13 23.54 286.04 24.95 54.77 76.08
2008  06  16 24.15 286.69 24.83 54.32 75.76
2008  06  17 24.77 285.02 24.72 54.24 76.31
2008  06  18 24.41 281.47 24.42 53.58 75.63
2008  06  19 24.7 280.38 24.83 53.5 73.87
2008  06  20 23.93 273.49 24.23 52.06 73.11
2008  06  23 23.64 272.88 24.0 51.87 75.51
2008  06  24 23.66 271.42 23.8 51.81 74.84
2008  06  25 24.22 275.78 24.33 52.33 75.43
2008  06  26 22.98 264.67 23.81 51.31 74.4
2008  06  27 23.22 264.3 23.71 49.86 74.52
2008  06  30 22.86 263.47 23.61 50.12 75.88
2008  07  01 23.85 267.63 23.06 51.09 76.07
2008  07  02 22.96 263.78 22.21 51.67 75.26
2008  07  03 23.23 268.77 22.3 52.48 76.0
2008  07  07 23.92 272.23 22.34 51.86 74.87
2008  07  08 24.52 277.54 22.18 52.47 74.0
2008  07  09 23.79 271.05 21.65 52.59 72.59
2008  07  10 24.12 270.56 21.84 52.94 74.1
2008  07  11 23.56 267.17 21.67 52.3 73.6
2008  07  14 23.74 261.07 21.58 52.7 73.55
2008  07  15 23.16 258.3 22.44 53.04 70.77
2008  07  16 23.6 268.07 23.39 52.99 69.58
2008  07  17 23.46 266.99 23.62 52.99 69.17
2008  07  18 22.55 240.9 22.19 52.81 70.21
2008  07  21 22.71 234.63 22.0 52.79 71.45
2008  07  22 22.12 238.79 22.14 53.17 71.35
2008  07  23 22.7 244.85 22.68 53.66 69.74
2008  07  24 21.71 238.05 21.83 53.51 69.57
2008  07  25 22.14 246.24 22.45 53.47 70.35
2008  07  28 21.08 238.8 21.88 52.94 69.47
2008  07  29 21.45 241.8 22.41 54.36 69.66
2008  07  30 21.83 241.59 22.51 55.22 72.65
2008  07  31 21.7 237.11 22.07 54.31 69.25
2008  08  01 21.39 234.16 21.83 53.87 68.64
2008  08  04 20.92 231.73 21.69 54.59 65.96
2008  08  05 21.93 240.17 22.49 56.38 67.46
2008  08  06 22.42 243.41 23.19 56.21 67.45
2008  08  07 22.33 239.8 23.51 55.97 66.68
2008  08  08 23.15 247.75 24.14 57.75 67.78
2008  08  11 23.7 250.67 23.94 57.59 67.64
2008  08  12 24.13 251.56 24.13 58.34 66.54
2008  08  13 24.48 250.27 23.95 57.73 67.65
2008  08  14 24.49 253.0 23.95 57.82 67.03
2008  08  15 24.0 255.33 23.87 59.39 66.7
2008  08  18 23.95 249.4 23.76 59.11 66.23
2008  08  19 23.69 245.5 23.54 58.66 67.46
2008  08  20 24.01 242.74 23.51 58.31 68.21
2008  08  21 23.8 243.51 23.42 57.98 69.54
2008  08  22 24.14 245.54 23.99 59.4 69.5
2008  08  25 23.56 241.75 23.83 58.17 68.12
2008  08  26 23.71 237.32 23.5 57.93 69.19
2008  08  27 23.85 234.52 23.75 58.11 69.64
2008  08  28 23.72 237.13 24.07 58.9 70.26
2008  08  29 23.15 231.88 23.51 57.87 69.24
2008  09  02 22.69 232.86 23.35 58.45 66.92
2008  09  03 22.8 232.44 23.18 59.24 67.52
2008  09  04 22.01 225.36 22.7 58.43 65.89
2008  09  05 21.87 222.35 22.1 58.71 65.44
2008  09  08 21.56 210.19 22.5 60.03 66.44
2008  09  09 20.71 209.54 22.49 59.63 63.4
2008  09  10 20.7 207.29 22.78 60.04 65.12
2008  09  11 20.84 217.09 23.56 60.61 65.39
2008  09  12 20.34 219.05 23.8 60.67 67.07
2008  09  15 19.17 217.15 23.11 59.84 63.39
2008  09  16 19.1 221.69 22.39 59.72 66.15
2008  09  17 17.45 207.45 21.17 58.84 65.15
2008  09  18 18.31 219.76 21.76 59.15 67.29
2008  09  19 19.24 224.8 21.68 58.36 68.9
2008  09  22 17.89 215.29 21.88 56.43 68.27
2008  09  23 17.32 214.85 21.92 55.8 67.24
2008  09  24 17.57 217.77 22.16 57.02 67.53
2008  09  25 18.01 220.02 22.93 56.82 69.82
2008  09  26 17.51 215.74 23.61 57.1 69.8
2008  09  29 14.37 190.69 21.55 55.36 64.09
2008  09  30 15.52 200.46 23.0 57.8 67.21
2008  10  01 14.9 206.07 22.82 59.11 68.01
2008  10  02 13.67 195.44 22.62 59.25 67.07
2008  10  03 13.25 193.65 22.68 58.91 67.45
2008  10  06 13.4 185.79 21.46 56.88 66.92
2008  10  07 12.17 173.18 20.01 54.95 65.83
2008  10  08 12.26 169.22 19.83 54.83 66.64
2008  10  09 12.12 164.65 19.21 50.5 58.85
2008  10  10 13.22 166.17 18.52 49.4 53.97
2008  10  13 15.06 190.7 21.97 52.49 63.25
2008  10  14 14.21 181.54 20.76 53.17 62.71
2008  10  15 13.37 169.75 19.52 49.62 53.96
2008  10  16 13.91 176.69 20.84 51.23 60.1
2008  10  17 13.3 186.46 20.62 51.21 58.88
2008  10  20 13.44 189.85 21.3 53.01 64.9
2008  10  21 12.49 181.56 20.13 52.22 61.88
2008  10  22 13.23 178.01 18.55 49.05 55.88
2008  10  23 13.41 176.34 19.23 50.56 60.92
2008  10  24 13.16 169.81 18.92 49.14 59.75
2008  10  27 12.57 164.91 18.25 47.89 57.2
2008  10  28 13.64 184.56 19.9 52.78 64.79
2008  10  29 14.28 179.18 19.82 50.91 64.61
2008  10  30 15.16 180.03 19.5 52.66 64.95
2008  10  31 14.69 179.86 19.24 53.87 64.15
2008  11  03 14.6 173.42 19.49 53.76 64.29
2008  11  04 15.16 183.65 20.27 55.15 67.06
2008  11  05 14.11 171.29 19.02 53.26 63.77
2008  11  06 13.53 165.78 17.99 52.88 60.55
2008  11  07 13.41 165.74 18.52 53.83 64.37
2008  11  10 13.09 159.55 18.35 54.22 64.43
2008  11  11 12.94 155.89 18.27 53.27 63.24
2008  11  12 12.31 145.65 17.49 51.63 60.0
2008  11  13 13.17 156.2 18.31 54.3 65.64
2008  11  14 12.32 155.17 17.28 52.68 64.13
2008  11  17 12.04 150.21 16.65 52.18 63.87
2008  11  18 12.28 148.86 17.02 53.63 66.44
2008  11  19 11.78 140.23 15.87 51.98 63.91
2008  11  20 10.99 129.91 15.21 49.52 59.63
2008  11  21 11.28 131.35 17.07 52.66 65.99
2008  11  24 12.69 128.85 17.95 53.99 68.59
2008  11  25 12.4 141.17 17.34 52.74 67.99
2008  11  26 12.97 146.19 17.77 52.72 70.41
2008  11  28 12.65 146.63 17.54 53.72 69.76
2008  12  01 12.14 133.13 16.14 50.49 64.68
2008  12  02 12.63 137.69 16.61 51.29 67.55
2008  12  03 13.09 139.85 17.24 52.49 68.7
2008  12  04 12.48 137.31 16.58 51.13 66.39
2008  12  05 12.84 142.14 17.24 52.28 66.67
2008  12  08 13.62 151.21 18.22 52.16 69.29
2008  12  09 13.66 153.14 17.87 49.91 68.07
2008  12  10 13.41 154.56 17.88 49.35 69.69
2008  12  11 12.97 150.26 16.87 48.9 69.65
2008  12  12 13.42 158.04 16.79 49.2 70.03
2008  12  15 12.94 155.49 16.52 49.55 69.59
2008  12  16 13.03 162.8 17.44 51.44 72.37
2008  12  17 12.17 157.78 17.05 50.67 70.56
2008  12  18 12.21 155.3 16.74 50.34 67.02
2008  12  19 12.29 155.24 16.59 50.23 65.3
2008  12  22 11.71 148.7 16.64 50.47 65.2
2008  12  23 11.79 149.16 16.72 49.94 65.37
2008  12  24 11.61 151.63 16.63 50.41 65.96
2008  12  26 11.72 150.33 16.59 50.53 67.19
2008  12  29 11.83 148.86 16.45 50.25 67.91
2008  12  30 11.78 151.71 16.78 51.02 68.41
2008  12  31 11.65 153.98 16.86 51.6 69.49
2009  01  02 12.39 160.82 17.63 52.42 71.06
2009  01  05 12.91 164.19 17.8 52.05 71.05
2009  01  06 12.7 167.2 18.01 51.9 69.89
2009  01  07 12.43 161.17 16.92 50.99 68.11
2009  01  08 12.66 162.76 17.45 50.43 68.84
2009  01  09 12.37 157.69 16.93 49.97 67.52
2009  01  12 12.11 156.5 16.89 50.03 66.62
2009  01  13 11.98 157.32 17.19 49.64 67.82
2009  01  14 11.65 150.64 16.56 48.3 65.37
2009  01  15 11.39 149.64 16.69 47.96 66.73
2009  01  16 11.24 149.98 17.1 48.19 67.98
2009  01  20 10.68 141.52 16.03 47.94 66.4
2009  01  21 11.31 151.69 16.81 48.39 68.99
2009  01  22 12.07 153.4 14.84 47.88 68.09
2009  01  23 12.07 162.51 14.92 47.07 67.93
2009  01  26 12.24 162.1 15.29 47.38 68.41
2009  01  27 12.39 165.91 15.32 47.66 68.69
2009  01  28 12.86 174.51 15.65 48.91 68.98
2009  01  29 12.7 171.83 15.26 48.94 67.02
2009  01  30 12.31 169.43 14.83 45.81 66.57
2009  02  02 12.5 170.46 15.47 44.59 66.75
2009  02  03 12.7 170.4 16.05 45.32 68.0
2009  02  04 12.77 171.67 16.16 44.15 67.6
2009  02  05 13.17 177.04 16.52 44.82 69.44
2009  02  06 13.62 185.83 17.05 45.39 70.28
2009  02  09 14.0 189.57 16.86 44.5 69.53
2009  02  10 13.36 179.43 16.31 43.25 66.61
2009  02  11 13.22 179.2 16.66 43.0 65.24
2009  02  12 13.55 181.71 16.71 43.11 65.8
2009  02  13 13.54 179.02 16.56 42.95 65.25
2009  02  17 12.91 171.5 15.8 42.12 62.36
2009  02  18 12.89 176.73 15.83 42.83 62.93
2009  02  19 12.38 171.49 15.64 42.98 63.13
2009  02  20 12.45 173.4 15.72 42.24 62.31
2009  02  23 11.87 165.2 15.03 41.1 60.62
2009  02  24 12.32 172.9 15.0 41.84 63.06
2009  02  25 12.45 170.99 14.81 41.96 63.03
2009  02  26 12.18 168.76 14.34 41.16 62.07
2009  02  27 12.19 169.16 14.11 40.49 59.4
2009  03  02 12.01 163.74 13.79 39.4 56.78
2009  03  03 12.07 162.9 13.87 39.2 56.3
2009  03  04 12.45 159.62 14.08 39.77 57.46
2009  03  05 12.13 152.97 13.34 38.16 54.43
2009  03  06 11.65 154.44 13.35 38.42 56.01
2009  03  09 11.35 145.59 13.23 37.14 56.49
2009  03  10 12.1 154.24 14.39 37.97 58.95
2009  03  11 12.66 159.11 14.94 37.89 57.54
2009  03  12 13.16 161.93 14.86 38.48 58.74
2009  03  13 13.1 162.37 14.54 39.47 58.79
2009  03  16 13.03 160.01 14.19 40.2 58.59
2009  03  17 13.61 167.84 14.76 40.33 60.44
2009  03  18 13.86 166.72 14.81 40.37 60.51
2009  03  19 13.88 165.14 14.97 38.93 59.78
2009  03  20 13.87 165.25 14.9 38.32 57.82
2009  03  23 14.7 174.47 16.01 40.13 61.7
2009  03  24 14.54 173.76 15.66 39.57 60.69
2009  03  25 14.54 172.21 15.62 40.4 61.38
2009  03  26 15.0 176.82 16.45 40.99 62.31
2009  03  27 14.59 174.02 15.83 40.83 61.22
2009  03  30 14.27 171.52 15.27 39.74 60.04
2009  03  31 14.35 174.2 16.04 39.58 59.57
2009  04  01 14.84 177.22 16.87 40.52 60.56
2009  04  02 15.39 181.43 16.85 41.54 61.46
2009  04  03 15.84 185.08 16.38 41.72 61.62
2009  04  06 16.17 184.3 16.38 41.74 61.28
2009  04  07 15.7 179.5 16.38 40.92 60.11
2009  04  08 15.88 181.18 16.76 40.74 60.33
2009  04  09 16.33 186.44 17.18 41.35 61.1
2009  04  13 16.42 189.24 17.11 40.38 59.5
2009  04  14 16.15 184.64 16.9 39.72 59.22
2009  04  15 16.06 189.94 16.45 40.98 59.61
2009  04  16 16.58 194.56 17.26 42.39 58.97
2009  04  17 16.85 196.32 16.77 43.42 58.39
2009  04  20 16.45 189.84 16.25 42.64 57.12
2009  04  21 16.63 190.93 16.57 43.18 57.94
2009  04  22 16.59 192.12 16.4 42.05 56.64
2009  04  23 17.12 192.54 16.52 41.82 57.48
2009  04  24 16.92 194.94 18.26 41.98 58.24
2009  04  27 17.03 193.17 17.82 42.37 57.85
2009  04  28 16.92 192.05 17.41 42.13 58.68
2009  04  29 17.09 195.93 17.69 42.75 59.87
2009  04  30 17.18 198.18 17.69 41.92 58.32
2009  05  01 17.37 197.04 17.68 41.97 59.5
2009  05  04 18.03 201.19 17.63 43.23 59.66
2009  05  05 18.12 201.7 17.28 42.21 59.18
2009  05  06 18.09 201.94 17.28 43.1 59.99
2009  05  07 17.62 198.5 16.87 43.53 60.3
2009  05  08 17.64 203.87 16.96 43.72 61.94
2009  05  11 17.69 204.19 16.87 42.71 60.96
2009  05  12 16.99 199.7 17.37 43.19 62.32
2009  05  13 16.32 194.96 17.25 43.21 61.4
2009  05  14 16.79 193.94 17.52 43.07 61.39
2009  05  15 16.72 195.2 17.66 42.96 60.82
2009  05  18 17.29 198.62 17.99 44.53 62.04
2009  05  19 17.4 199.64 17.85 44.89 62.06
2009  05  20 17.19 198.79 17.91 45.8 61.26
2009  05  21 16.96 198.45 17.42 44.95 60.18
2009  05  22 16.73 196.95 17.36 44.96 60.57
2009  05  26 17.86 202.38 17.88 45.6 61.43
2009  05  27 18.17 202.98 17.69 43.9 60.11
2009  05  28 18.44 205.41 17.97 44.59 60.92
2009  05  29 18.54 208.82 18.36 44.04 61.03
2009  06  01 19.03 213.49 18.81 45.24 63.15
2009  06  02 19.05 214.41 18.81 45.54 64.17
2009  06  03 19.25 216.04 19.1 45.62 63.43
2009  06  04 19.63 220.36 19.19 45.23 64.22
2009  06  05 19.75 222.38 19.46 45.09 64.22
2009  06  08 19.64 219.6 19.38 45.05 64.39
2009  06  09 19.49 218.03 19.41 44.44 64.35
2009  06  10 19.15 216.52 19.82 44.16 64.98
2009  06  11 19.11 214.71 20.07 44.1 65.17
2009  06  12 18.7 212.63 20.51 44.55 64.93
2009  06  15 18.58 208.59 20.58 43.52 64.07
2009  06  16 18.62 208.21 20.61 42.48 63.04
2009  06  17 18.51 207.79 20.81 42.4 62.85
2009  06  18 18.55 207.24 20.65 43.38 62.87
2009  06  19 19.05 210.26 21.16 42.94 62.53
2009  06  22 18.76 203.88 20.46 42.87 60.58
2009  06  23 18.3 203.04 20.51 42.86 60.68
2009  06  24 18.6 204.85 20.63 42.86 60.24
2009  06  25 19.1 208.09 20.91 43.82 61.5
2009  06  26 19.45 212.87 20.52 43.88 60.77
2009  06  29 19.39 212.28 20.97 44.28 62.11
2009  06  30 19.45 211.01 20.89 43.33 61.52
2009  07  01 19.5 209.7 21.13 44.09 62.09
2009  07  02 19.12 204.45 20.54 43.33 60.27
2009  07  06 18.93 205.01 20.39 44.23 59.93
2009  07  07 18.49 198.51 19.8 44.01 58.57
2009  07  08 18.74 201.45 19.83 44.63 58.31
2009  07  09 18.62 205.4 19.72 44.44 58.06
2009  07  10 18.91 207.41 19.68 44.27 57.31
2009  07  13 19.44 212.36 20.42 44.92 57.82
2009  07  14 19.43 212.56 20.31 45.39 58.28
2009  07  15 20.06 219.3 21.2 46.34 60.23
2009  07  16 20.14 221.52 21.48 46.81 60.25
2009  07  17 20.72 215.34 21.35 47.41 60.3
2009  07  20 20.88 215.3 21.56 47.11 60.67
2009  07  21 20.69 214.16 21.82 47.05 62.02
2009  07  22 21.4 214.06 21.8 46.89 61.59
2009  07  23 21.55 218.89 22.47 47.14 63.02
2009  07  24 21.85 223.58 20.61 47.72 63.62
2009  07  27 21.86 222.62 20.31 47.67 64.02
2009  07  28 21.85 220.15 20.63 47.61 63.27
2009  07  29 21.85 218.34 20.92 47.96 62.86
2009  07  30 22.23 223.04 20.93 48.06 62.24
2009  07  31 22.31 221.75 20.67 47.44 61.95
2009  08  03 22.73 226.33 20.94 47.53 62.17
2009  08  04 22.61 227.09 20.89 47.4 62.13
2009  08  05 22.54 225.8 20.93 46.07 61.63
2009  08  06 22.38 225.41 20.62 43.98 61.36
2009  08  07 22.6 228.78 20.71 44.47 61.14
2009  08  10 22.49 228.53 20.58 44.59 60.88
2009  08  11 22.23 227.2 20.33 44.38 60.32
2009  08  12 22.57 229.52 20.68 44.51 61.19
2009  08  13 23.0 231.37 20.76 44.7 60.87
2009  08  14 22.77 230.23 20.82 44.76 60.39
2009  08  17 21.79 222.67 20.44 44.62 58.92
2009  08  18 22.39 222.86 20.84 44.83 58.87
2009  08  19 22.48 222.21 20.9 45.12 60.21
2009  08  20 22.71 230.44 20.92 45.31 60.73
2009  08  21 23.11 232.85 21.58 45.79 61.91
2009  08  24 23.08 234.6 21.78 45.59 63.13
2009  08  25 23.13 235.92 21.78 45.64 62.58
2009  08  26 22.86 234.23 21.7 45.6 63.19
2009  08  27 23.14 233.26 21.82 45.35 62.74
2009  08  28 23.22 232.61 21.81 45.46 62.08
2009  08  31 22.97 231.07 21.79 46.24 61.23
2009  09  01 22.57 228.11 21.21 45.31 60.57
2009  09  02 22.55 226.73 21.09 45.12 60.37
2009  09  03 22.74 228.99 21.31 45.18 60.44
2009  09  04 23.26 230.88 21.76 45.18 61.25
2009  09  08 23.61 229.54 21.94 46.32 62.55
2009  09  09 23.37 232.22 21.9 45.94 62.42
2009  09  10 23.56 235.71 22.1 47.89 62.55
2009  09  11 23.51 236.31 21.97 47.55 61.96
2009  09  14 23.72 237.8 22.1 47.26 61.98
2009  09  15 23.92 239.01 22.27 47.03 61.53
2009  09  16 24.83 244.39 22.27 47.27 62.28
2009  09  17 25.2 246.11 22.36 47.46 61.84
2009  09  18 25.26 245.98 22.33 48.99 61.97
2009  09  21 25.13 248.75 22.36 48.8 61.6
2009  09  22 25.19 249.78 22.78 48.92 61.83
2009  09  23 25.33 249.48 22.72 48.93 61.09
2009  09  24 25.1 248.63 22.93 49.43 61.03
2009  09  25 24.9 246.49 22.58 49.58 60.83
2009  09  28 25.42 249.51 22.83 49.71 61.62
2009  09  29 25.31 249.51 22.76 49.49 61.15
2009  09  30 25.31 248.17 22.73 49.5 60.75
2009  10  01 24.7 243.84 21.99 48.39 59.56
2009  10  02 25.25 242.53 22.06 48.5 58.95
2009  10  05 25.4 244.5 21.78 48.44 59.84
2009  10  06 25.94 249.62 22.19 48.74 60.79
2009  10  07 25.98 259.03 22.19 48.67 60.8
2009  10  08 25.84 257.35 22.69 49.27 61.14
2009  10  09 26.01 258.38 22.58 49.19 61.33
2009  10  12 26.05 262.28 22.73 49.14 62.09
2009  10  13 25.95 263.32 22.81 48.94 62.21
2009  10  14 26.12 267.93 22.95 48.98 63.61
2009  10  15 26.02 265.22 23.61 48.92 64.58
2009  10  16 25.68 275.2 23.42 49.09 64.74
2009  10  19 25.92 276.32 23.3 49.39 65.18
2009  10  20 27.14 276.14 23.31 49.68 64.65
2009  10  21 27.98 275.83 23.49 49.51 64.91
2009  10  22 28.02 277.32 23.5 50.06 65.91
2009  10  23 27.85 277.12 24.77 49.64 65.14
2009  10  26 27.65 277.38 25.35 49.0 64.84
2009  10  27 26.95 274.42 25.27 49.24 66.33
2009  10  28 26.27 270.42 24.77 49.28 65.38
2009  10  29 26.81 275.8 24.94 51.27 65.48
2009  10  30 25.74 268.33 24.51 49.95 63.46
2009  11  02 25.85 267.26 24.64 50.76 63.88
2009  11  03 25.77 268.91 24.33 50.45 63.52
2009  11  04 26.05 270.44 24.8 50.83 63.13
2009  11  05 26.49 274.6 25.16 52.07 64.19
2009  11  06 26.54 275.83 25.21 52.56 64.26
2009  11  09 27.51 281.54 25.62 53.26 64.88
2009  11  10 27.72 283.66 25.64 53.27 64.66
2009  11  11 27.75 285.57 25.74 53.59 64.93
2009  11  12 27.58 284.21 25.95 52.79 64.03
2009  11  13 27.92 286.31 26.19 53.06 64.54
2009  11  16 28.21 288.43 26.11 53.62 66.28
2009  11  17 28.26 289.03 26.63 53.66 66.82
2009  11  18 28.12 288.61 26.73 53.74 67.03
2009  11  19 27.38 286.78 26.44 53.52 66.48
2009  11  20 27.3 285.27 26.3 53.22 66.24
2009  11  23 28.11 291.47 26.58 54.02 67.41
2009  11  24 27.92 291.84 26.55 54.08 67.66
2009  11  25 27.88 293.16 26.45 54.14 68.1
2009  11  27 27.39 290.17 25.94 53.8 66.68
2009  11  30 27.3 291.79 26.11 53.69 66.85
2009  12  01 26.9 295.23 26.64 54.17 67.72
2009  12  02 26.79 294.05 26.44 54.42 67.5
2009  12  03 26.83 293.16 26.48 53.87 66.78
2009  12  04 26.4 292.8 26.62 53.91 66.12
2009  12  07 25.8 293.42 26.45 53.8 65.7
2009  12  08 25.93 293.82 26.25 53.28 64.97
2009  12  09 27.01 294.8 26.38 53.6 64.82
2009  12  10 26.82 296.05 26.52 53.6 64.48
2009  12  11 26.58 295.55 26.5 53.68 64.86
2009  12  14 26.9 298.16 26.73 54.26 62.06
2009  12  15 26.51 296.87 26.65 53.49 61.6
2009  12  16 26.63 299.18 26.72 53.53 60.94
2009  12  17 26.2 297.27 26.28 53.04 60.75
2009  12  18 26.69 298.51 26.95 53.0 60.74
2009  12  21 27.07 299.64 27.1 52.79 61.01
2009  12  22 27.36 300.86 27.36 52.79 61.07
2009  12  23 27.6 306.15 27.45 52.8 60.79
2009  12  24 28.54 309.55 27.52 52.77 61.15
2009  12  28 28.89 311.75 27.67 52.75 61.52
2009  12  29 28.55 310.01 27.87 53.03 61.31
2009  12  30 28.9 311.68 27.49 52.85 61.24
2009  12  31 28.77 310.3 27.06 52.21 60.73
