EXCHANGE%3DNASDAQ
MARKET_OPEN_MINUTE=570
MARKET_CLOSE_MINUTE=960
INTERVAL=1800
"COLUMNS=DATE,CLOSE,HIGH,LOW,OPEN,VOLUME"
DATA=
TIMEZONE_OFFSET=-240
AAPL	0	84.5993	84.6257	84.5714	84.5714	568330
MSFT	0	40.28	40.28	40.21	40.2401	542320
MSFT	1	40.19	40.36	40.17	40.29	2596758
MSFT	2	40.175	40.23	40.07	40.19	2433238
AAPL	2	84.8871	84.9714	84.43	84.5871	5143782
MSFT	3	40.09	40.18	40.08	40.18	1912087
AAPL	3	84.8457	84.9543	84.7571	84.8786	3119410
MSFT	4	40.13	40.15	40.07	40.09	1425872
AAPL	4	84.4715	84.9414	84.43	84.8571	2805446
AAPL	5	84.16	84.6329	84.04	84.4817	5049219
MSFT	6	40.163	40.2	40.12	40.14	1057386
AAPL	6	83.8929	84.2527	83.7657	84.1601	3386593
AAPL	7	84.18	84.2043	83.8214	83.9143	2441691
MSFT	8	40.04	40.15	40.025	40.1352	830479
AAPL	8	84.0943	84.2071	83.9814	84.1739	1349978
MSFT	9	39.97	40.05	39.95	40.04	2709454
MSFT	10	39.995	40	39.96	39.97	1688028
AAPL	10	84.5166	84.5814	84.3714	84.4214	1822870
MSFT	11	39.98	40	39.96	39.994	1404386
AAPL	11	84.5143	84.6314	84.4486	84.5014	2166633
MSFT	12	40	40.045	39.965	39.975	2170004
AAPL	12	84.2429	84.5429	84.2271	84.5171	2253258
MSFT	13	40	40.01	39.95	39.99	6820612
AAPL	13	84.4971	84.4986	84.1643	84.2243	4716439
MSFT	48	40.29	40.32	40.28	40.31	1140301
MSFT	49	39.875	40.34	39.84	40.29	4144519
MSFT	50	39.98	40.02	39.845	39.875	3178738
MSFT	51	39.86	40.04	39.84	39.98	2289461
AAPL	51	84.4614	84.6829	84.2443	84.6143	4026218
MSFT	52	39.79	39.96	39.77	39.85	1377684
AAPL	52	84.45	84.5857	84.4114	84.4714	1667743
MSFT	53	39.92	39.94	39.79	39.79	1024250
AAPL	53	84.6929	84.7586	84.43	84.4557	2198049
AAPL	54	84.7043	84.7543	84.6229	84.6914	1386098
AAPL	55	84.6486	84.7786	84.6371	84.7013	1131095
AAPL	56	84.57	84.6614	84.5486	84.6457	1537781
MSFT	57	39.79	39.83	39.76	39.82	2014856
AAPL	57	84.4481	84.5843	84.4481	84.5643	1436834
MSFT	58	39.705	39.82	39.66	39.7959	4803589
AAPL	58	84.4929	84.5357	84.4214	84.4472	1571913
MSFT	59	39.76	39.82	39.685	39.705	3772314
AAPL	59	84.5343	84.62	84.4847	84.4957	1473801
MSFT	60	39.76	39.815	39.75	39.76	3556900
MSFT	61	39.69	39.8	39.67	39.76	9563057
AAPL	61	84.6543	84.6786	84.5334	84.62	6602316
MSFT	192	39.545	39.5798	39.5	39.52	338948
AAPL	192	84.3357	84.3357	84.2857	84.3057	373842
AAPL	193	84.9914	84.9914	84.2876	84.3014	8513477
MSFT	194	39.5255	39.6399	39.36	39.43	2016245
AAPL	194	85.2589	85.4057	84.9614	84.9929	7391062
MSFT	195	39.48	39.5975	39.44	39.52	1473234
AAPL	195	85.4457	85.5286	85.1529	85.2471	3742788
MSFT	197	39.43	39.5	39.41	39.41	996979
AAPL	197	85.1386	85.391	85.0843	85.32	2496669
MSFT	198	39.4	39.44	39.38	39.42	1149368
MSFT	199	39.35	39.42	39.34	39.4066	1285740
AAPL	199	85.2044	85.4071	85.1786	85.2757	2944291
MSFT	200	39.38	39.4	39.33	39.35	931639
AAPL	200	85.36	85.3857	85.2043	85.2043	1480794
MSFT	201	39.4	39.42	39.37	39.38	861314
AAPL	201	85.5457	85.56	85.29	85.3657	3278401
MSFT	202	39.404	39.43	39.39	39.41	928105
MSFT	203	39.42	39.47	39.38	39.4	1461466
MSFT	204	39.44	39.46	39.4	39.43	943625
MSFT	205	39.43	39.48	39.4	39.44	3185102
AAPL	205	85.8514	85.8571	85.5386	85.6614	9524823
MSFT	206	39.43	39.43	39.43	39.43	100
MSFT	240	39.33	39.33	39.288	39.29	361267
AAPL	240	85.9414	85.9857	85.9343	85.9714	828716
MSFT	241	39.23	39.35	39.14	39.32	2672822
AAPL	241	86.3129	86.3229	85.67	85.9429	13214488
MSFT	242	39.195	39.2502	39.175	39.23	2028067
AAPL	242	85.93	86.3443	85.8214	86.3129	7529487
MSFT	243	39.18	39.25	39.16	39.1901	2103849
AAPL	243	85.3743	85.9607	85.3714	85.9329	8019788
MSFT	244	39.085	39.225	39.08	39.18	2474034
AAPL	244	85.7143	85.7929	85.3214	85.3786	4198985
MSFT	245	39.21	39.21	39.05	39.08	1298173
AAPL	245	85.8557	85.9186	85.6743	85.7071	3038616
MSFT	246	39.215	39.27	39.15	39.2	804995
AAPL	246	85.7029	85.8886	85.64	85.8743	2526090
MSFT	247	39.245	39.26	39.205	39.215	988501
AAPL	247	85.6681	85.7857	85.58	85.6971	1719221
MSFT	248	39.12	39.25	39.115	39.245	845224
AAPL	248	85.5579	85.68	85.5186	85.66	1495529
MSFT	249	39	39.16	38.95	39.115	1800521
AAPL	249	85.2503	85.6229	85.2286	85.5686	3725960
MSFT	250	39	39.07	38.97	39.005	1366714
AAPL	250	85.1216	85.2986	85.1214	85.23	2876321
MSFT	251	39.02	39.06	39	39.005	1248940
AAPL	251	85.2071	85.3285	85.0517	85.1214	3483662
MSFT	252	39.13	39.15	38.98	39.01	1944379
AAPL	252	85.0757	85.2043	85.0643	85.1929	2965564
MSFT	253	39.06	39.17	39.04	39.13	4909115
AAPL	253	84.9157	85.1428	84.9157	85.0757	9815512
MSFT	288	39.22	39.23	39.18	39.22	416821
AAPL	288	85.0571	85.0571	85.0143	85.0357	637574
MSFT	289	38.9399	39.24	38.92	39.23	2535281
AAPL	289	84.6343	85.3271	84.46	85.0279	8400980
MSFT	290	38.73	39.02	38.61	38.94	6070898
AAPL	290	84.3729	84.9429	83.9614	84.6314	9938712
MSFT	291	38.74	38.78	38.58	38.72	3341649
AAPL	291	84.3829	84.5727	84.1743	84.3686	3954958
MSFT	292	38.55	38.755	38.51	38.75	2439321
AAPL	292	84.3614	84.4257	84.15	84.3886	3330355
MSFT	293	38.8123	38.93	38.53	38.54	1965792
AAPL	293	84.6729	84.7857	84.335	84.3829	2927855
MSFT	294	38.815	38.86	38.76	38.818	907382
AAPL	294	84.4086	84.7613	84.3714	84.6843	2006382
MSFT	295	38.68	38.83	38.66	38.81	961391
AAPL	295	84.1657	84.4471	84.1629	84.4057	2130856
MSFT	296	38.745	38.79	38.66	38.68	1574411
AAPL	296	84.2014	84.2471	84.0286	84.1657	1984556
MSFT	297	38.775	38.83	38.74	38.75	1733599
AAPL	297	84.1742	84.4671	84.16	84.2086	2062074
MSFT	298	39.04	39.06	38.76	38.78	2397394
AAPL	298	84.4929	84.5171	84.1357	84.1743	2226343
MSFT	299	39.19	39.21	39.04	39.04	3963871
AAPL	299	84.43	84.6171	84.3486	84.5014	1896958
MSFT	300	39.27	39.3	39.15	39.2	3034597
AAPL	300	84.3886	84.4329	84.3043	84.4214	2265732
MSFT	301	39.425	39.51	39.25	39.27	8496310
AAPL	301	84.6186	84.7143	84.38	84.3886	7018193
MSFT	336	39.34	39.36	39.3	39.34	369973
AAPL	336	84.0386	84.0743	84.0357	84.0357	423619
MSFT	337	39.58	39.59	38.97	39.305	2788035
AAPL	337	84.55	84.5543	84.0357	84.1257	6321721
MSFT	338	39.58	39.69	39.56	39.58	2579251
AAPL	338	84.6814	84.7957	84.4943	84.55	4623675
MSFT	339	39.64	39.67	39.55	39.58	1988897
AAPL	339	84.5828	84.6943	84.4337	84.6843	2706116
MSFT	340	39.8	39.815	39.58	39.64	1509325
AAPL	340	84.6971	84.7043	84.55	84.5714	2598288
MSFT	341	39.7	39.87	39.69	39.81	1599883
AAPL	341	84.6657	84.9157	84.5243	84.6971	2252824
MSFT	342	39.865	39.87	39.7	39.7061	1249207
AAPL	342	84.6714	84.7143	84.6143	84.6629	1542485
MSFT	343	39.825	39.89	39.73	39.87	1634051
AAPL	343	84.48	84.7157	84.4514	84.6814	1953070
MSFT	344	39.72	39.9	39.71	39.82	1266030
AAPL	344	84.4986	84.5714	84.3743	84.48	1438472
MSFT	345	39.625	39.73	39.61	39.725	721139
AAPL	345	84.3386	84.4999	84.2871	84.4999	1749755
MSFT	346	39.6199	39.63	39.52	39.628	1952487
AAPL	346	84.2451	84.3471	84.08	84.3386	2634170
MSFT	347	39.5201	39.631	39.45	39.615	2295329
AAPL	347	83.9451	84.2757	83.8043	84.2586	3042865
MSFT	348	39.56	39.615	39.48	39.52	2125748
AAPL	348	83.9229	83.9785	83.7714	83.9186	3511816
MSFT	349	39.64	39.64	39.51	39.56	4567614
AAPL	349	84.0171	84.0326	83.82	83.9338	5185327
AAPL	350	83.9986	83.9986	83.9986	83.9986	1400
MSFT	384	39.59	39.59	39.5	39.54	573899
AAPL	384	83.5125	83.5229	83.5	83.5057	774067
MSFT	385	39.57	39.66	39.45	39.58	3720651
AAPL	385	83.26	83.75	83.0829	83.52	9835553
MSFT	386	39.74	39.85	39.57	39.59	2983756
AAPL	386	83.2743	83.5	83.1257	83.2529	4814628
MSFT	387	39.565	39.745	39.56	39.74	1942043
AAPL	387	83.1073	83.3529	83.1071	83.27	3085537
MSFT	388	39.545	39.61	39.49	39.56	3327075
AAPL	388	83.1407	83.1443	82.9043	83.1071	4572988
MSFT	389	39.46	39.58	39.46	39.545	1773492
AAPL	389	83.1757	83.24	83.05	83.1414	2626288
MSFT	390	39.5	39.555	39.45	39.47	1335270
AAPL	390	82.9957	83.2028	82.9714	83.1757	2305660
MSFT	391	39.67	39.69	39.495	39.5	1825693
AAPL	391	83.1429	83.2143	82.9764	82.9971	2345721
MSFT	392	39.6	39.68	39.57	39.67	789074
AAPL	392	83.0129	83.1986	82.9529	83.1514	1857583
MSFT	393	39.51	39.64	39.5	39.61	882241
AAPL	393	82.9914	83.0486	82.94	83.0042	1706999
MSFT	394	39.47	39.53	39.37	39.52	2672108
AAPL	394	83.0457	83.1157	82.9557	82.9763	1914073
MSFT	395	39.535	39.59	39.47	39.475	864327
AAPL	395	83.3357	83.3371	83.04	83.0443	2805425
MSFT	396	39.54	39.59	39.52	39.54	1241756
AAPL	396	83.5157	83.6686	83.3321	83.3371	4769639
MSFT	397	39.54	39.5899	39.52	39.5399	4161257
AAPL	397	83.6489	83.6714	83.4786	83.52	6821899
MSFT	528	39.71	39.78	39.71	39.74	296376
AAPL	528	83.9271	83.94	83.92	83.9271	432754
MSFT	529	39.98	39.99	39.65	39.74	2787897
AAPL	529	84.3771	84.3929	83.9143	83.9186	8448027
MSFT	530	39.87	39.99	39.855	39.97	1724720
AAPL	530	84.4143	84.5286	84.2157	84.3843	3760834
MSFT	531	39.87	39.93	39.845	39.8726	1155998
AAPL	531	84.4343	84.4443	84.2457	84.4271	2223368
MSFT	532	39.89	39.97	39.87	39.87	1407680
AAPL	532	84.2967	84.4386	84.1457	84.4343	1999648
MSFT	533	39.94	39.96	39.86	39.89	1052646
AAPL	533	84.3664	84.4486	84.2943	84.2943	1711150
MSFT	534	39.99	40.02	39.93	39.94	1344720
AAPL	534	84.5962	84.6071	84.3671	84.3743	1872416
MSFT	535	39.951	40.02	39.94	39.99	999790
AAPL	535	84.5357	84.6486	84.4257	84.5965	1516095
MSFT	536	39.975	40	39.94	39.955	844038
AAPL	536	84.56	84.5886	84.5029	84.5386	895244
MSFT	537	39.9216	39.99	39.91	39.976	701119
AAPL	537	84.6186	84.6429	84.5257	84.56	1229221
MSFT	538	39.9785	39.98	39.89	39.925	753502
AAPL	538	84.5614	84.6843	84.56	84.6163	1689163
MSFT	539	39.985	40	39.95	39.9785	831824
AAPL	539	84.6243	84.65	84.3929	84.5614	1816773
MSFT	540	39.92	40.02	39.92	39.985	1402402
AAPL	540	84.6729	84.72	84.5714	84.6286	2412123
MSFT	541	39.97	39.99	39.91	39.92	5276331
AAPL	541	84.69	84.8086	84.6471	84.6714	8095591
MSFT	576	39.92	39.93	39.88	39.92	442658
AAPL	576	84.57	84.5871	84.5543	84.5714	439040
MSFT	577	40.32	40.38	39.85	39.93	3915277
AAPL	577	84.4729	84.75	84.3857	84.5614	5589101
MSFT	578	40.445	40.5	40.31	40.32	4423157
AAPL	578	84.61	84.8214	84.4314	84.4871	3294277
MSFT	579	40.43	40.5	40.415	40.45	1548075
AAPL	579	84.67	84.7771	84.5171	84.6071	2010764
MSFT	580	40.33	40.44	40.24	40.425	1765358
AAPL	580	84.7143	84.75	84.5386	84.6714	1501619
MSFT	581	40.28	40.34	40.2	40.33	1274366
AAPL	581	84.6229	84.77	84.5786	84.7	1232322
MSFT	582	40.3	40.39	40.23	40.275	947779
AAPL	582	84.6914	84.7486	84.5571	84.6357	1184918
MSFT	583	40.36	40.38	40.26	40.3099	798097
AAPL	583	84.7286	84.7357	84.5914	84.6914	1045604
MSFT	584	40.4	40.4	40.34	40.365	785647
AAPL	584	84.75	84.7857	84.6871	84.7307	1100092
MSFT	585	40.375	40.4	40.31	40.398	1025929
AAPL	585	84.68	84.77	84.63	84.7429	1402541
MSFT	586	40.335	40.4	40.33	40.375	899662
AAPL	586	84.9057	84.9157	84.6757	84.69	2248925
MSFT	587	40.46	40.5	40.335	40.34	1955774
AAPL	587	84.8543	84.9343	84.8286	84.9071	1795255
MSFT	588	40.3499	40.48	40.29	40.469	1649268
AAPL	588	84.8186	84.8807	84.6643	84.8443	2155573
MSFT	589	40.42	40.42	40.34	40.345	4092099
AAPL	589	84.8229	84.8714	84.47	84.8229	4829951
MSFT	590	40.42	40.42	40.42	40.42	18729
MSFT	624	40.29	40.35	40.28	40.3	378182
AAPL	624	84.6	84.6329	84.6	84.6329	222894
MSFT	625	40.425	40.45	40.2	40.32	2774326
AAPL	625	84.9971	85.1029	84.5986	84.6057	5417118
MSFT	626	40.3249	40.45	40.21	40.42	1893632
AAPL	626	85.16	85.3429	84.9302	84.9986	5112492
MSFT	627	40.27	40.41	40.255	40.32	1112575
AAPL	627	85.14	85.2257	85.01	85.1729	2531851
MSFT	628	40.219	40.29	40.18	40.275	709131
AAPL	628	84.9017	85.2028	84.8757	85.1229	1992375
MSFT	629	40.2	40.29	40.17	40.215	934396
AAPL	629	84.9229	85.0743	84.8443	84.9055	1615880
MSFT	630	40.285	40.32	40.2029	40.2038	645864
AAPL	630	85.0229	85.0771	84.92	84.9264	855715
MSFT	631	40.2801	40.36	40.23	40.28	627789
AAPL	631	85.1029	85.1414	84.9614	85.0214	823088
MSFT	632	40.325	40.35	40.28	40.29	441736
AAPL	632	85.0757	85.1786	85.06	85.1157	893921
MSFT	633	40.27	40.33	40.26	40.3232	505515
AAPL	633	84.9886	85.1084	84.9172	85.0929	995827
MSFT	634	40.28	40.29	40.23	40.28	631679
AAPL	634	85.0114	85.05	84.9286	84.9857	848344
MSFT	635	40.235	40.31	40.205	40.285	880583
AAPL	635	84.9529	85.1	84.9286	85.0171	1378069
MSFT	636	40.205	40.28	40.185	40.2324	1297648
AAPL	636	84.6714	84.9686	84.6	84.9625	3277659
MSFT	637	40.24	40.24	40.05	40.205	5027461
AAPL	637	84.8386	84.84	84.5343	84.6757	6002213
MSFT	672	40.16	40.17	40.09	40.09	273631
AAPL	672	84.9243	84.9571	84.9086	84.9571	495131
MSFT	673	39.85	40.4	39.76	40.16	3014833
AAPL	673	84.9414	85.2286	84.7501	84.9071	7780157
MSFT	674	39.68	39.86	39.54	39.84	4309398
AAPL	674	84.6271	84.9743	84.4143	84.9579	5851363
MSFT	675	39.67	39.82	39.6	39.69	1838756
AAPL	675	84.6314	84.7271	84.5157	84.6443	2718814
MSFT	676	39.64	39.72	39.59	39.67	1997493
AAPL	676	84.3129	84.6429	84.2629	84.6	3612707
MSFT	677	39.61	39.68	39.56	39.66	1951183
AAPL	677	84.1686	84.5571	84.0829	84.2957	3779755
MSFT	678	39.59	39.68	39.51	39.61	1345467
AAPL	678	84.2289	84.3143	84.1071	84.1671	2972347
MSFT	679	39.62	39.67	39.57	39.5899	1106497
AAPL	679	84.2757	84.38	84.2057	84.2529	1364678
MSFT	680	39.68	39.68	39.5501	39.615	1199217
AAPL	680	84.3357	84.3557	84.1929	84.2891	1611351
MSFT	681	39.6	39.7	39.53	39.68	8182404
AAPL	681	84.1171	84.3514	84.1071	84.3514	2146746
MSFT	682	39.571	39.64	39.51	39.6	1733572
AAPL	682	84.2457	84.2814	84.0057	84.12	3308389
MSFT	683	39.7	39.78	39.54	39.58	1440117
AAPL	683	84.4086	84.42	84.2186	84.2262	2677437
MSFT	684	39.62	39.735	39.56	39.7001	2113455
AAPL	684	84.2714	84.4343	84.2029	84.4086	1998528
MSFT	685	39.6	39.7	39.58	39.6256	5497015
AAPL	685	84.1171	84.3786	84.1143	84.2929	5135025
MSFT	720	39.66	39.71	39.66	39.67	3900999
AAPL	720	84.1057	84.1429	84.09	84.09	3565723
MSFT	721	39.64	39.74	39.44	39.6648	3090930
AAPL	721	83.8714	84.3	83.7457	84.1129	6707225
MSFT	722	39.355	39.69	39.33	39.635	2782409
AAPL	722	83.6986	83.9357	83.6286	83.8986	4499446
MSFT	723	39.51	39.54	39.33	39.3501	2190439
AAPL	723	83.8129	83.8886	83.6586	83.6943	2247637
MSFT	724	39.54	39.58	39.5	39.52	981634
AAPL	724	83.88	83.9671	83.7586	83.82	1654919
MSFT	725	39.45	39.59	39.42	39.55	878158
AAPL	725	83.9271	83.9471	83.8229	83.8857	1887200
MSFT	726	39.5	39.555	39.43	39.45	1023655
AAPL	726	84.234	84.29	83.9257	83.9257	3009034
MSFT	727	39.385	39.495	39.38	39.491	952411
AAPL	727	84.19	84.2757	84.1101	84.2486	1570793
MSFT	728	39.3951	39.47	39.27	39.385	1188291
AAPL	728	84.33	84.3571	84.0729	84.1886	1910405
MSFT	729	39.4	39.48	39.38	39.39	715463
AAPL	729	84.4143	84.4714	84.3236	84.3284	2415483
MSFT	730	39.45	39.48	39.355	39.3901	1083854
AAPL	730	84.5174	84.5414	84.3329	84.4214	2023679
MSFT	731	39.62	39.627	39.44	39.4544	1463361
AAPL	731	84.9186	84.9314	84.4929	84.5229	4489653
MSFT	732	39.734	39.79	39.585	39.61	2156922
AAPL	732	85.0542	85.2171	84.9186	84.9186	6830096
MSFT	733	39.83	39.84	39.73	39.73	5594660
AAPL	733	85.3586	85.3614	85.0214	85.0543	11035885
MSFT	734	39.83	39.83	39.83	39.83	1000
MSFT	864	39.68	39.68	39.61	39.61	456593
AAPL	864	85.3514	85.4129	85.3329	85.4071	559167
MSFT	865	39.65	39.75	39.46	39.7	3202560
AAPL	865	86.2814	86.52	85.3343	85.3568	18434563
MSFT	866	39.605	39.71	39.52	39.65	1755678
AAPL	866	86.3771	86.5643	86.2214	86.2814	7471268
MSFT	867	39.585	39.62	39.55	39.61	1213130
AAPL	867	86.4086	86.5229	86.2929	86.37	3864021
MSFT	868	39.64	39.665	39.56	39.5801	1518582
AAPL	868	86.5956	86.67	86.39	86.4086	4931395
MSFT	869	39.66	39.68	39.62	39.64	800422
AAPL	869	86.6971	86.7243	86.563	86.5843	3403925
MSFT	870	39.65	39.67	39.605	39.65	590126
AAPL	870	86.6859	86.7614	86.5786	86.691	2704366
MSFT	871	39.645	39.66	39.63	39.65	742487
AAPL	871	86.6386	86.7013	86.5329	86.6857	2275973
MSFT	872	39.64	39.67	39.6	39.65	635731
AAPL	872	86.5786	86.6714	86.4714	86.6471	2043671
MSFT	873	39.73	39.73	39.6	39.635	1170002
AAPL	873	86.61	86.66	86.5214	86.58	1620003
MSFT	874	39.755	39.82	39.72	39.73	1012777
AAPL	874	86.6357	86.6529	86.5514	86.6029	1683290
MSFT	875	39.735	39.77	39.73	39.76	647201
AAPL	875	86.4943	86.6414	86.4443	86.6314	2118851
MSFT	876	39.73	39.78	39.7	39.735	1033450
AAPL	876	86.3614	86.5121	86.1486	86.4957	4588388
MSFT	877	39.75	39.81	39.725	39.725	5800974
AAPL	877	86.37	86.5014	86.3386	86.3714	7927514
MSFT	912	39.74	39.76	39.68	39.68	296721
AAPL	912	86.3729	86.3829	86.3586	86.3586	489160
MSFT	913	39.6	39.94	39.52	39.75	1972479
AAPL	913	86.29	86.5571	86.1443	86.3786	7966112
MSFT	914	39.6	39.69	39.58	39.6	1072082
AAPL	914	86.3529	86.6	86.2443	86.3343	6894041
MSFT	915	39.68	39.68	39.6	39.6	868413
AAPL	915	86.5343	86.5714	86.3371	86.3471	3767015
MSFT	916	39.6699	39.7	39.65	39.68	943971
AAPL	916	86.3497	86.5486	86.2871	86.5329	2291023
MSFT	917	39.72	39.74	39.622	39.66	1132122
AAPL	917	86.5871	86.6286	86.3271	86.3443	2025429
MSFT	918	39.56	39.73	39.53	39.72	1256361
AAPL	918	86.3157	86.6143	86.2557	86.6143	2364327
MSFT	919	39.61	39.63	39.52	39.5699	715024
AAPL	919	86.3486	86.4099	86.2729	86.3186	1195362
MSFT	920	39.58	39.61	39.48	39.6	1460463
AAPL	920	86.0429	86.3643	86.0429	86.3571	3241441
MSFT	921	39.548	39.625	39.46	39.58	1606895
AAPL	921	85.8643	86.0729	85.8186	86.04	3418716
MSFT	922	39.6899	39.75	39.54	39.54	1416945
AAPL	922	86.1043	86.1599	85.8643	85.8643	2388645
MSFT	923	39.649	39.71	39.6	39.68	888295
AAPL	923	86.0143	86.1057	85.8729	86.0857	1897357
MSFT	924	39.705	39.75	39.62	39.645	1544162
AAPL	924	86.2429	86.2686	85.9657	86.0129	2443329
MSFT	925	39.68	39.8	39.67	39.71	4768540
AAPL	925	86.3643	86.4286	86.2429	86.2429	6239737
AAPL	926	86.3871	86.3871	86.3871	86.3871	700
MSFT	960	39.79	39.81	39.74	39.8	202436
AAPL	960	86.2857	86.2857	86.2614	86.2614	449386
MSFT	961	40.11	40.24	39.7399	39.77	2877461
AAPL	961	86.3871	86.5143	86.1514	86.2429	7633052
MSFT	962	40.12	40.14	40.04	40.1101	1499482
AAPL	962	86.2014	86.3957	86.0086	86.3943	5391659
MSFT	963	40.13	40.18	40.08	40.11	1070184
AAPL	963	86.32	86.4386	86.0986	86.1943	3129245
MSFT	964	40.05	40.145	40.05	40.13	1145953
AAPL	964	86.17	86.3469	86.1443	86.296	3076591
MSFT	965	40.1117	40.13	39.97	40.055	1183183
AAPL	965	86.2543	86.2857	86.1357	86.1729	1827091
MSFT	966	40.1459	40.165	40.09	40.12	728037
AAPL	966	86.2914	86.3043	86.19	86.2571	1081423
MSFT	967	40.16	40.18	40.12	40.14	539895
AAPL	967	86.39	86.4643	86.2729	86.2928	1577303
MSFT	968	40.141	40.195	40.14	40.16	592938
AAPL	968	86.4257	86.4714	86.3286	86.4043	1454285
MSFT	969	40.17	40.2	40.14	40.14	1049773
AAPL	969	86.4157	86.4714	86.39	86.4129	1087317
MSFT	970	40.2	40.25	40.12	40.165	1725773
AAPL	970	86.6	86.6171	86.3771	86.4243	3091032
MSFT	971	40.24	40.28	40.18	40.2	866607
AAPL	971	86.535	86.6686	86.5	86.6	2825529
MSFT	972	40.29	40.32	40.23	40.25	1535023
AAPL	972	86.5857	86.6486	86.4614	86.5371	2148314
MSFT	973	40.35	40.35	40.26	40.28	6286703
AAPL	973	86.6157	86.6714	86.5472	86.5857	4953354
AAPL	a1400765400	86.65	86.6743	86.65	86.6571	511693
MSFT	0	40.32	40.34	40.29	40.29	353604
MSFT	1	40.04	40.35	40.02	40.32	2495609
AAPL	1	86.6186	86.8371	86.4586	86.6643	7693812
MSFT	2	39.86	40.06	39.85	40.035	1754712
AAPL	2	86.4957	86.5943	86.3	86.5871	4068519
MSFT	3	39.98	39.99	39.85	39.86	1676074
AAPL	3	86.5514	86.6086	86.4171	86.4957	2240287
MSFT	4	40.02	40.03	39.95	39.98	1320209
AAPL	4	86.5386	86.5871	86.45	86.5486	2553159
MSFT	5	40.02	40.065	40	40.02	1064426
AAPL	5	86.5257	86.7057	86.52	86.5514	1600851
MSFT	6	40.015	40.025	39.98	40.01	865371
AAPL	6	86.4929	86.5814	86.4671	86.5557	857850
MSFT	7	39.985	40.045	39.97	40.0169	1060349
AAPL	7	86.55	86.6043	86.4571	86.5043	906997
MSFT	8	40.03	40.03	39.98	39.985	796605
AAPL	8	86.6186	86.6271	86.5343	86.5543	1009491
MSFT	9	40.1174	40.16	40.0244	40.03	1120969
AAPL	9	86.8072	86.8343	86.6029	86.6171	3258017
MSFT	10	40.16	40.16	40.11	40.12	554085
AAPL	10	87.0386	87.1214	86.8073	86.8073	4048702
MSFT	11	40.21	40.215	40.14	40.1556	820357
AAPL	11	86.9571	87.1057	86.8614	87.0357	2300802
MSFT	12	40.14	40.21	40.11	40.21	1290109
AAPL	12	86.94	87.0314	86.8429	86.9657	2328606
MSFT	13	40.1	40.16	40.065	40.145	3877037
AAPL	13	86.7529	87.0014	86.5714	86.9457	5710390
MSFT	48	40.26	40.37	40.25	40.37	615143
AAPL	48	86.7471	86.75	86.7157	86.75	565523
MSFT	49	40.2	40.32	40.02	40.27	2252133
AAPL	49	86.9357	86.99	86.6914	86.72	7078127
MSFT	50	40.26	40.27	40.14	40.2	1262156
AAPL	50	86.8286	86.9757	86.7871	86.9072	3417358
MSFT	51	40.09	40.265	40.04	40.265	1475046
AAPL	51	86.8043	86.8286	86.6386	86.8257	3601654
MSFT	52	40.11	40.14	40.05	40.08	1012545
AAPL	52	86.8871	86.8986	86.7914	86.8114	2307137
MSFT	53	40.08	40.12	40.04	40.1071	901176
AAPL	53	86.8971	86.9614	86.7971	86.8886	1975904
MSFT	54	40.0601	40.12	40.04	40.085	636716
AAPL	54	87.0437	87.0957	86.9	86.9086	2463636
MSFT	55	40.06	40.07	40.02	40.065	739683
AAPL	55	87.0414	87.09	86.9329	87.0586	1597421
MSFT	56	40.0101	40.07	40.005	40.06	1050408
AAPL	56	87.1114	87.1229	87.0271	87.0414	1843912
MSFT	57	40.07	40.08	40	40.015	779556
AAPL	57	87.187	87.2286	87.0943	87.1129	3038140
MSFT	58	40.1	40.12	40.07	40.08	801314
AAPL	58	87.3171	87.3786	87.1686	87.1855	2720102
MSFT	59	40.11	40.12	40.09	40.1	537060
AAPL	59	87.378	87.3829	87.2429	87.31	1970052
MSFT	60	40.11	40.12	40.09	40.11	652346
AAPL	60	87.7471	87.7714	87.3714	87.3814	4948153
MSFT	61	40.12	40.13	40.06	40.115	4191041
AAPL	61	87.7329	87.8185	87.5571	87.7471	9538914
MSFT	240	40.25	40.26	40.22	40.26	442623
AAPL	240	88.0086	88.0086	87.9471	87.9829	1358672
MSFT	241	39.9	40.25	39.81	40.25	3305984
AAPL	241	88.5614	88.6986	87.9829	88.0014	14797839
MSFT	242	39.93	39.97	39.9	39.91	1524637
AAPL	242	88.7129	88.7798	88.48	88.5586	6752186
MSFT	243	39.99	40.02	39.92	39.93	1321985
AAPL	243	88.64	88.7257	88.4771	88.7143	3331419
MSFT	244	39.95	40.08	39.93	39.98	1754163
AAPL	244	88.5683	88.7414	88.5529	88.6357	3471846
MSFT	245	39.975	40.01	39.94	39.95	1057195
AAPL	245	88.6457	88.6857	88.5129	88.5657	2454823
MSFT	246	40.006	40.086	39.96	39.975	1627137
AAPL	246	88.6857	88.8071	88.6086	88.6386	2627331
MSFT	247	39.955	40.055	39.94	40.0001	744599
AAPL	247	88.9029	88.9484	88.6743	88.6857	2492973
MSFT	248	39.89	39.96	39.89	39.96	1092233
AAPL	248	89.1714	89.2442	88.8714	88.9086	4781343
MSFT	249	39.99	40	39.8901	39.895	656255
AAPL	249	89.2213	89.2514	88.9757	89.1629	4332104
MSFT	250	39.98	39.99	39.96	39.985	400848
AAPL	250	89.3343	89.4086	89.1986	89.2101	4136230
MSFT	251	39.9573	39.98	39.91	39.98	1369822
AAPL	251	89.2686	89.38	89.2457	89.3257	3370451
MSFT	252	40.015	40.03	39.94	39.955	939861
AAPL	252	89.2729	89.3729	89.23	89.2717	3662036
MSFT	253	40.19	40.19	40.01	40.01	8295057
AAPL	253	89.3871	89.3929	89.1857	89.2814	11479797
AAPL	254	89.3757	89.3757	89.3757	89.3757	700
MSFT	288	40.18	40.19	40.12	40.14	409261
AAPL	288	89.4343	89.4571	89.4186	89.4314	1039969
MSFT	289	39.8749	40.19	39.85	40.19	3584132
AAPL	289	89.8372	89.9314	89.2571	89.4343	14144053
MSFT	290	39.92	39.95	39.84	39.87	1942853
AAPL	290	89.6114	89.9757	89.3657	89.8443	8563541
MSFT	291	39.925	39.94	39.82	39.93	2264930
AAPL	291	89.4372	89.69	89.1114	89.6286	6233402
MSFT	292	39.98	40.02	39.89	39.92	2099559
AAPL	292	89.6071	89.6429	89.415	89.4514	3798641
MSFT	293	40.08	40.19	39.98	39.98	1487350
AAPL	293	89.4729	89.6566	89.4602	89.61	2053408
MSFT	294	39.97	40.13	39.96	40.08	984056
AAPL	294	89.4984	89.5971	89.44	89.4757	2510067
MSFT	295	39.98	40.01	39.96	39.965	661756
AAPL	295	89.5386	89.5471	89.4471	89.4929	1246343
MSFT	296	40.01	40.07	39.97	39.9801	837803
AAPL	296	89.7771	89.8571	89.5414	89.5443	2700355
MSFT	297	40.05	40.06	40	40.0125	867774
AAPL	297	89.7105	89.8086	89.5857	89.7786	3022432
MSFT	298	40.04	40.075	40.02	40.0456	758747
AAPL	298	89.645	89.7371	89.591	89.7143	1865178
MSFT	299	40.037	40.07	39.99	40.035	1013874
AAPL	299	89.3914	89.6421	89.3843	89.6414	3063326
MSFT	300	40.08	40.1	40.03	40.0364	917533
AAPL	300	89.5043	89.5357	89.3429	89.3941	2399824
MSFT	301	40.01	40.1	40	40.085	5275505
AAPL	301	89.1443	89.5143	89.1343	89.5043	10758951
MSFT	336	40.135	40.16	40.13	40.15	353935
AAPL	336	89.7043	89.7457	89.6829	89.6929	572880
MSFT	337	39.945	40.19	39.915	40.15	2180757
AAPL	337	89.9843	90.0871	89.6814	89.7343	12151923
MSFT	338	40.01	40.07	39.935	39.94	1779287
AAPL	338	89.9929	90.0714	89.8029	89.9714	6013385
MSFT	339	40.05	40.1	39.98	40.005	1270053
AAPL	339	89.8457	90.02	89.6886	90	5373956
MSFT	340	40.12	40.12	40.02	40.055	688999
AAPL	340	89.9414	89.9571	89.7314	89.8386	3209612
MSFT	341	40.045	40.14	40.02	40.12	774570
AAPL	341	89.8357	89.9771	89.8214	89.9407	1734740
MSFT	342	40.06	40.09	40.035	40.0401	625443
AAPL	342	89.9684	89.9714	89.7286	89.8357	2519349
MSFT	343	40.02	40.07	40.02	40.05	574219
AAPL	343	90.1143	90.12	89.8943	89.9684	3011540
MSFT	344	39.949	40.04	39.92	40.035	935755
AAPL	344	90.4386	90.5057	90.1	90.1057	5407304
MSFT	345	39.99	40.015	39.91	39.9468	700726
AAPL	345	90.4628	90.5629	90.2929	90.4357	5174918
MSFT	346	40.03	40.04	39.99	39.995	539711
AAPL	346	90.8515	90.8557	90.43	90.4471	5643533
MSFT	347	40.11	40.13	40.02	40.0356	1045990
AAPL	347	90.8143	90.92	90.6457	90.8552	4547858
MSFT	348	40.2	40.21	40.1	40.11	1366071
AAPL	348	90.7857	90.9814	90.7529	90.8143	4041667
MSFT	349	40.34	40.35	40.18	40.195	6228592
AAPL	349	90.7686	90.8143	90.4643	90.7857	10793405
MSFT	384	40.44	40.46	40.42	40.45	779602
AAPL	384	91.1214	91.1429	91.1	91.14	1174719
MSFT	385	40.45	40.49	40.25	40.45	2013848
AAPL	385	91.0186	91.2614	90.75	91.1429	12591712
MSFT	386	40.6731	40.69	40.43	40.44	2717148
AAPL	386	91.3857	91.4171	90.9772	91.0229	7574504
MSFT	387	40.74	40.94	40.67	40.6701	4106176
AAPL	387	91.7429	91.8271	91.3657	91.3853	9327612
MSFT	388	40.61	40.78	40.61	40.75	1652007
AAPL	388	91.7356	92.0243	91.7071	91.75	7223125
MSFT	389	40.67	40.81	40.6	40.6101	1590614
AAPL	389	91.8243	91.9614	91.7171	91.7357	3680474
MSFT	390	40.68	40.8	40.655	40.665	1196269
AAPL	390	91.5528	91.9142	91.5114	91.8371	4789708
MSFT	391	40.71	40.76	40.63	40.68	1464875
AAPL	391	90.7886	91.5614	90.4869	91.5431	12783330
MSFT	392	40.755	40.777	40.675	40.705	868195
AAPL	392	90.4314	90.85	90.0814	90.7914	9826460
MSFT	393	40.81	40.82	40.74	40.76	833811
AAPL	393	90.3974	90.4543	89.8429	90.4271	8524586
MSFT	394	40.83	40.88	40.73	40.805	1203894
AAPL	394	90.5843	90.6757	90.1021	90.3929	5723578
MSFT	395	40.805	40.85	40.79	40.824	1068001
AAPL	395	90.4734	90.7393	90.4043	90.5971	4562901
MSFT	396	40.84	40.84	40.78	40.8071	1313483
AAPL	396	90.24	90.63	90.1786	90.4721	4579757
MSFT	397	40.94	40.97	40.82	40.835	10627521
AAPL	397	90.4271	90.7214	90.2157	90.2357	13517651
AAPL	398	90.4286	90.4286	90.4286	90.4286	700
MSFT	528	40.92	40.95	40.9	40.95	568858
AAPL	528	90.5771	90.6	90.5586	90.5657	663544
MSFT	529	40.94	41	40.8	40.92	2040836
AAPL	529	89.5186	90.69	89.5157	90.6229	12297453
MSFT	530	40.955	41.09	40.85	40.93	2397561
AAPL	530	89.91	90.05	89.4805	89.5143	5838329
MSFT	531	40.99	41.01	40.93	40.95	1067594
AAPL	531	89.6736	89.9514	89.5143	89.9171	4725945
MSFT	532	40.97	41.0099	40.9	40.99	1098436
AAPL	532	90.0943	90.1143	89.5334	89.6729	4420080
MSFT	533	40.87	40.99	40.86	40.96	1053006
AAPL	533	90.2157	90.2843	89.9529	90.1086	3686291
MSFT	534	40.88	40.9	40.86	40.87	753069
AAPL	534	89.9786	90.2814	89.93	90.2044	2416295
MSFT	535	40.845	40.9	40.82	40.88	931441
AAPL	535	90.0086	90.2086	89.9074	89.9643	2065714
MSFT	536	40.83	40.86	40.798	40.85	760724
AAPL	536	89.7346	90.1114	89.5129	90.0086	5673535
MSFT	537	40.7903	40.88	40.75	40.838	902597
AAPL	537	89.8254	89.9886	89.6657	89.7286	2927911
MSFT	538	40.781	40.81	40.73	40.7923	570673
AAPL	538	89.2286	89.9414	88.9286	89.8186	8826643
MSFT	539	40.7299	40.82	40.7	40.785	644762
AAPL	539	89.1743	89.8986	89.1743	89.2144	6806345
MSFT	540	40.7	40.76	40.68	40.72	904836
AAPL	540	89.3326	89.6143	89.0729	89.1986	4888345
MSFT	541	40.79	40.83	40.7	40.7	4024892
AAPL	541	89.8071	89.8557	89.33	89.33	8304296
MSFT	576	40.645	40.68	40.6	40.6	353460
AAPL	576	89.75	89.8071	89.75	89.78	480984
MSFT	577	40.47	40.68	40.35	40.645	2192522
AAPL	577	91.0054	91.12	89.75	89.7607	15903104
MSFT	578	40.315	40.525	40.3	40.47	1608458
AAPL	578	90.9471	91.2486	90.8643	91	7723275
MSFT	579	40.35	40.35	40.29	40.315	1073216
AAPL	579	90.8414	91.0286	90.63	90.9471	4506229
MSFT	580	40.37	40.4	40.32	40.3499	852133
AAPL	580	90.6386	90.8543	90.5386	90.8357	3236912
MSFT	581	40.3745	40.4	40.31	40.36	693516
AAPL	581	90.5914	90.6486	90.3001	90.6467	4709558
MSFT	582	40.45	40.45	40.37	40.38	486764
AAPL	582	90.8443	90.9786	90.5783	90.5914	2455201
MSFT	583	40.35	40.45	40.32	40.45	769414
AAPL	583	90.5911	90.9143	90.5771	90.8386	1520106
MSFT	584	40.395	40.42	40.34	40.345	505010
AAPL	584	91.0257	91.0857	90.5814	90.5814	2745897
MSFT	585	40.35	40.4	40.33	40.3901	498799
AAPL	585	90.9	91.0543	90.8229	91.0311	1940029
MSFT	586	40.39	40.42	40.33	40.3499	824535
AAPL	586	90.9229	91.0543	90.8214	90.9229	1721146
MSFT	587	40.31	40.41	40.31	40.392	774798
AAPL	587	90.7817	91	90.7486	90.9109	2099230
MSFT	588	40.305	40.32	40.285	40.31	1129683
AAPL	588	90.933	90.9943	90.7486	90.7843	2265487
MSFT	589	40.29	40.31	40.25	40.3	3887288
AAPL	589	91.0771	91.1586	90.8814	90.95	6349770
MSFT	624	40.2	40.23	40.2	40.21	259189
AAPL	624	91.0628	91.0843	91.04	91.0629	369194
MSFT	625	40.11	40.33	40.09	40.21	1494598
AAPL	625	91.6671	91.7414	90.8729	91.0943	11717230
MSFT	626	39.94	40.135	39.94	40.1199	1972954
AAPL	626	91.4229	91.6786	91.3443	91.6671	5122621
MSFT	627	39.9776	40	39.86	39.945	2621582
AAPL	627	91.77	91.7843	91.4129	91.4343	3754233
MSFT	628	40.075	40.1	39.9701	39.975	1643070
AAPL	628	92.0857	92.1429	91.7557	91.7714	5550160
MSFT	629	40.1	40.1677	40.05	40.08	1522657
AAPL	629	92.03	92.145	91.8686	92.0843	3912097
MSFT	630	40.19	40.22	40.09	40.095	975324
AAPL	630	92.14	92.1571	91.9671	92.03	4116084
MSFT	631	40.235	40.26	40.17	40.19	604227
AAPL	631	92.3114	92.341	92.0159	92.1329	3841222
MSFT	632	40.2	40.28	40.19	40.235	1080069
AAPL	632	92.3714	92.3786	92.1529	92.3029	2537157
MSFT	633	40.28	40.29	40.19	40.1901	1031398
AAPL	633	92.3914	92.4743	92.2286	92.3714	4101664
MSFT	634	40.25	40.28	40.195	40.2764	1217275
AAPL	634	92.3629	92.5557	92.2614	92.3914	4470711
MSFT	635	40.21	40.25	40.17	40.25	1268920
AAPL	635	92.3429	92.4057	92.2286	92.3686	3315802
MSFT	636	40.2852	40.29	40.21	40.21	1224756
AAPL	636	92.3143	92.4	92.0714	92.3386	3343998
MSFT	637	40.32	40.37	40.27	40.2801	5202894
AAPL	637	92.1171	92.4	92.0371	92.3157	9551717
MSFT	672	40.47	40.6	40.47	40.59	371160
AAPL	672	92.3157	92.33	92.2871	92.3143	579586
MSFT	673	40.55	40.6	40.42	40.47	3007098
AAPL	673	92.4386	92.7671	92.18	92.3157	12256608
MSFT	674	40.52	40.54	40.4	40.54	1683681
AAPL	674	92.3271	92.5143	91.8014	92.43	9304659
MSFT	675	40.665	40.68	40.5	40.52	1883136
AAPL	675	92.3212	92.4514	92.1171	92.3371	4231514
MSFT	676	40.62	40.68	40.57	40.66	1468373
AAPL	676	92.0857	92.3557	91.9386	92.3014	3901142
MSFT	677	40.81	40.82	40.58	40.62	1160997
AAPL	677	92.08	92.1771	91.8757	92.0942	3315445
MSFT	678	40.856	40.91	40.8	40.82	1458840
AAPL	678	92.11	92.2857	92.0537	92.08	2586549
MSFT	679	40.93	40.97	40.85	40.855	1414487
AAPL	679	92.1929	92.3557	92.0944	92.11	2566942
MSFT	680	40.96	40.97	40.92	40.9353	976369
AAPL	680	92.0081	92.3157	91.9214	92.1771	2297330
MSFT	681	41	41	40.95	40.96	1126577
AAPL	681	92.0614	92.1186	91.9329	92.0043	1438689
MSFT	682	41.115	41.14	40.98	41	1644094
AAPL	682	92.4643	92.4986	92.0371	92.0571	2942170
MSFT	683	41.16	41.25	41.11	41.115	2450500
AAPL	683	92.34	92.4714	92.2326	92.4643	2086259
MSFT	684	41.115	41.19	41.11	41.165	2325112
AAPL	684	92.1944	92.4186	92.1271	92.3536	2352637
MSFT	685	41.21	41.24	41.1	41.115	9110648
AAPL	685	92.4786	92.4786	92.1543	92.2029	6446790
MSFT	720	41.485	41.5	41.43	41.48	998459
AAPL	720	92.8514	92.8571	92.81	92.8429	1003443
MSFT	721	41.4	41.66	41.24	41.485	3294807
AAPL	721	92.5514	92.9271	92.2671	92.8514	10571127
MSFT	722	41.3	41.425	41.26	41.4	1759802
AAPL	722	92.5571	92.5771	92.2143	92.5671	4912166
MSFT	723	41.36	41.39	41.28	41.292	767366
AAPL	723	92.49	92.6343	92.4414	92.5686	3704358
MSFT	724	41.405	41.43	41.3	41.36	1151233
AAPL	724	92.5999	92.6029	92.4171	92.49	2832438
MSFT	725	41.376	41.46	41.36	41.41	930658
AAPL	725	92.82	92.848	92.5886	92.5986	4954138
MSFT	726	41.42	41.42	41.33	41.37	657331
AAPL	726	92.9273	93.0371	92.7886	92.8186	5857474
MSFT	727	41.44	41.48	41.41	41.415	690159
AAPL	727	92.8186	92.9757	92.7357	92.94	2943612
MSFT	728	41.415	41.44	41.38	41.439	742997
AAPL	728	92.3829	92.8286	92.0671	92.8236	6938351
MSFT	729	41.45	41.45	41.31	41.415	845532
AAPL	729	92.2429	92.4557	92.17	92.3857	3525550
MSFT	730	41.394	41.45	41.34	41.442	1159424
AAPL	730	92.5671	92.6914	92.2043	92.2397	3668245
MSFT	731	41.4747	41.48	41.38	41.4	1064677
AAPL	731	92.63	92.7314	92.4386	92.5729	3256281
MSFT	732	41.52	41.59	41.47	41.48	1418691
AAPL	732	92.5429	92.6429	92.4432	92.6368	3421936
MSFT	733	41.48	41.52	41.37	41.52	6723559
AAPL	733	92.2243	92.5614	92.1743	92.5429	12649014
AAPL	734	92.2243	92.2243	92.2243	92.2243	700
MSFT	864	41.425	41.48	41.39	41.39	458391
AAPL	864	92.7	92.7	92.61	92.7	1404830
MSFT	865	41.255	41.43	41.13	41.42	1900419
AAPL	865	92.31	93.08	92.12	92.65	10795280
MSFT	866	41.325	41.34	41.14	41.25	1034526
AAPL	866	92.3451	92.38	91.75	92.32	6394292
MSFT	867	41.32	41.33	41.26	41.32	618848
AAPL	867	92.633	92.75	92.16	92.3435	4390126
MSFT	868	41.31	41.34	41.26	41.33	632878
AAPL	868	92.8441	92.93	92.46	92.62	3786153
MSFT	869	41.3296	41.37	41.31	41.3174	573998
AAPL	869	93.02	93.16	92.82	92.85	4655397
MSFT	870	41.3	41.33	41.27	41.32	628114
AAPL	870	93.34	93.35	93	93.01	4529200
MSFT	871	41.27	41.31	41.2501	41.295	598909
AAPL	871	93.699	93.73	93.325	93.34	5047237
MSFT	872	41.21	41.28	41.17	41.266	733103
AAPL	872	93.441	93.8	93.41	93.7	4141342
MSFT	873	41.13	41.22	41.13	41.205	663246
AAPL	873	93.768	93.82	93.4399	93.44	3404256
MSFT	874	41.07	41.14	41.02	41.13	928957
AAPL	874	93.3699	93.84	93.31	93.76	4324464
MSFT	875	41.16	41.18	41.075	41.08	789479
AAPL	875	93.69	93.73	93.36	93.37	2446550
MSFT	876	41.2	41.23	41.14	41.1601	861672
AAPL	876	93.85	93.86	93.485	93.69	3435631
MSFT	877	41.27	41.27	41.13	41.205	4035278
AAPL	877	93.7	93.88	93.62	93.85	7206559
MSFT	912	40.95	41.03	40.94	41.03	734026
AAPL	912	94.6	94.73	94.55	94.73	1599843
MSFT	913	41	41.05	40.86	40.95	1962062
AAPL	913	94.3298	95.05	94.15	94.6	13394971
MSFT	914	41.07	41.126	41.01	41.02	1238915
AAPL	914	94.31	94.55	94.1	94.33	6237501
MSFT	915	41.13	41.14	41.02	41.07	697148
AAPL	915	94.3055	94.45	93.9	94.315	5637452
MSFT	916	41.05	41.16	41.05	41.135	558267
AAPL	916	94.25	94.45	94.1466	94.305	3477564
MSFT	917	41.07	41.08	41.0212	41.06	495605
AAPL	917	93.997	94.26	93.75	94.25	4140436
MSFT	918	41.1	41.1	41.04	41.07	406252
AAPL	918	93.826	93.99	93.57	93.9746	3317084
MSFT	919	41.11	41.13	41.06	41.0999	497996
AAPL	919	93.8	93.94	93.61	93.825	2408226
MSFT	920	41.05	41.11	41.02	41.11	445189
AAPL	920	93.77	93.96	93.66	93.8	1922250
MSFT	921	41.1	41.11	41.03	41.05	529006
AAPL	921	93.98	94.02	93.76	93.78	1952392
MSFT	922	41.1	41.109	41.06	41.109	532608
AAPL	922	94.158	94.2	93.92	93.99	2191999
MSFT	923	41.0277	41.1	41.015	41.095	653016
AAPL	923	94.1975	94.25	94.0686	94.16	1923908
MSFT	924	41.0899	41.09	41.02	41.025	665627
AAPL	924	94.188	94.26	94.1	94.19	2041728
MSFT	925	41.11	41.14	41.03	41.09	4278418
AAPL	925	94.25	94.25	94.16	94.185	5645068
MSFT	960	40.92	40.94	40.87	40.93	427861
AAPL	960	94.12	94.14	94.11	94.13	968382
MSFT	961	41.005	41.07	40.77	40.89	2442192
AAPL	961	94.51	94.54	93.9	94.13	7356650
MSFT	962	40.825	41.06	40.8	41.01	1253934
AAPL	962	94.46	94.76	94.36	94.54	4440878
MSFT	963	40.9	40.915	40.8	40.82	1225892
AAPL	963	94.32	94.6	94.11	94.45	4020404
MSFT	964	40.94	40.97	40.9	40.91	608160
AAPL	964	94.3	94.43	94.15	94.329	2462291
MSFT	965	40.955	40.99	40.9	40.94	622431
AAPL	965	94.38	94.45	94.21	94.3	1729628
MSFT	966	40.905	40.96	40.9	40.96	396214
AAPL	966	94.2098	94.4	94.2	94.38	1424501
MSFT	967	40.94	40.965	40.8927	40.9195	538655
AAPL	967	94.39	94.43	94.18	94.2068	1319820
MSFT	968	40.91	40.96	40.86	40.95	414459
AAPL	968	94.27	94.4	94.21	94.4	1414109
MSFT	969	40.875	40.92	40.855	40.91	450376
AAPL	969	93.72	94.31	93.711	94.2601	2636277
MSFT	970	40.875	40.89	40.81	40.87	572131
AAPL	970	93.73	94	93.47	93.72	4283873
MSFT	971	40.825	40.9	40.81	40.875	1609395
AAPL	971	93.81	93.93	93.69	93.72	1914776
MSFT	972	40.81	40.845	40.77	40.8343	963295
AAPL	972	93.8922	93.9	93.7	93.8	1723726
MSFT	973	40.86	40.86	40.765	40.81	3986181
AAPL	973	93.86	93.989	93.73	93.9	4988394
MSFT	979	40.91	41.01	40.78	41.01	2073177
AAPL	979	94.2099	94.55	93.491	94.4449	1550807
MSFT	980	40.915	40.915	40.915	40.915	800
AAPL	a1402579800	94	94.08	94	94.04	412588
MSFT	0	40.8	40.88	40.79	40.81	350641
MSFT	1	40.58	40.84	40.5	40.84	2338355
AAPL	1	93.75	94.12	93.31	94.01	5546848
MSFT	2	40.46	40.71	40.46	40.574	1721722
AAPL	2	93.32	93.84	93.31	93.76	2860892
MSFT	3	40.5251	40.58	40.457	40.46	1298385
AAPL	3	93.38	93.53	93.06	93.328	3560816
MSFT	4	40.665	40.68	40.51	40.5256	1179977
AAPL	4	93.2978	93.47	93.14	93.38	2107841
MSFT	5	40.59	40.71	40.59	40.665	716786
AAPL	5	93.085	93.3	93.08	93.29	1780105
MSFT	6	40.5924	40.62	40.57	40.595	761605
AAPL	6	92.988	93.15	92.74	93.089	4242367
MSFT	7	40.555	40.69	40.5	40.59	771644
AAPL	7	92.5174	92.99	92.28	92.98	4043905
MSFT	8	40.48	40.562	40.45	40.55	2024607
AAPL	8	92.26	92.55	92.1	92.52	3629137
MSFT	9	40.455	40.5	40.4	40.48	1232670
AAPL	9	92.245	92.42	92.07	92.26	2997866
MSFT	10	40.45	40.49	40.39	40.455	1047110
AAPL	10	92.065	92.27	91.9	92.2499	3916418
MSFT	11	40.37	40.46	40.37	40.46	1328481
AAPL	11	92.32	92.35	91.9	92.07	2928065
MSFT	12	40.37	40.43	40.29	40.375	3197078
AAPL	12	92.2351	92.34	92	92.32	3068932
MSFT	13	40.58	40.6	40.3	40.365	9487192
AAPL	13	92.29	92.3	92.01	92.24	6642357
MSFT	14	40.58	40.58	40.58	40.58	200
MSFT	48	41.035	41.1	41.035	41.1	417313
AAPL	48	92.18	92.25	92.18	92.2	766865
MSFT	49	41.17	41.19	40.86	41.04	3389847
AAPL	49	91.7435	92.44	91.67	92.19	7369220
MSFT	50	41.49	41.56	41.07	41.17	4365946
AAPL	50	91.88	91.95	91.28	91.75	6636426
MSFT	51	41.415	41.565	41.345	41.49	2205374
AAPL	51	92.12	92.15	91.64	91.89	3665373
MSFT	52	41.36	41.44	41.32	41.42	1473307
AAPL	52	91.87	92.15	91.75	92.13	2181820
MSFT	53	41.19	41.37	41.11	41.355	1820322
AAPL	53	91.501	91.91	91.4	91.87	2964734
MSFT	54	41.315	41.32	41.16	41.19	968376
AAPL	54	91.7	91.85	91.48	91.5062	2004884
MSFT	55	41.244	41.33	41.24	41.3149	549969
AAPL	55	91.466	91.7	91.46	91.7	1828726
MSFT	56	41.298	41.31	41.18	41.244	685893
AAPL	56	91.35	91.58	91.33	91.46	2025169
MSFT	57	41.35	41.35	41.2	41.3	717977
AAPL	57	91.452	91.5	91.15	91.35	2985885
MSFT	58	41.295	41.38	41.29	41.35	782376
AAPL	58	91.4968	91.7	91.41	91.45	2297977
MSFT	59	41.245	41.32	41.23	41.3	810690
AAPL	59	91.35	91.5	91.34	91.5	2194247
MSFT	60	41.115	41.29	41.105	41.25	1344407
AAPL	60	90.92	91.5	90.88	91.3489	4544145
MSFT	61	41.23	41.23	41.12	41.13	4661288
AAPL	61	91.28	91.28	91.01	91.05	5740498
AAPL	62	91.28	91.28	91.28	91.28	2182
MSFT	192	41.08	41.09	41.04	41.04	352284
AAPL	192	91.52	91.6	91.51	91.51	504143
MSFT	193	41.43	41.45	41.05	41.09	2935990
AAPL	193	92.15	92.25	91.45	91.5775	6099936
MSFT	194	41.55	41.5967	41.41	41.44	1841335
AAPL	194	92.38	92.75	92.14	92.16	4576967
MSFT	195	41.55	41.59	41.53	41.545	1377380
AAPL	195	92.48	92.582	92.25	92.3867	2342124
MSFT	196	41.27	41.55	41.27	41.55	1172417
AAPL	196	91.96	92.49	91.79	92.47	3071751
MSFT	197	41.28	41.29	41.16	41.27	1018832
AAPL	197	92.016	92.03	91.74	91.9527	2045082
MSFT	198	41.5	41.525	41.265	41.27	1010584
AAPL	198	92.18	92.26	91.95	92.01	1676412
MSFT	199	41.395	41.51	41.31	41.501	636171
AAPL	199	92.07	92.26	92.05	92.1701	1018028
MSFT	200	41.53	41.53	41.37	41.395	797233
AAPL	200	92.04	92.2	91.98	92.07	1249562
MSFT	201	41.42	41.55	41.38	41.525	967601
AAPL	201	91.8299	92.17	91.71	92.0468	1326556
MSFT	202	41.575	41.58	41.38	41.4154	1151955
AAPL	202	92.04	92.04	91.8	91.82	1319250
MSFT	203	41.54	41.61	41.53	41.58	1142362
AAPL	203	92.1	92.3	92	92.039	1574500
MSFT	204	41.4399	41.55	41.43	41.53	1521799
AAPL	204	91.95	92.13	91.89	92.09	1334892
MSFT	205	41.5	41.52	41.43	41.43	6838649
AAPL	205	92.2	92.25	91.91	91.96	4246524
MSFT	240	41.38	41.39	41.29	41.29	252006
AAPL	240	92.42	92.43	92.31	92.31	397836
MSFT	241	41.62	41.65	41.2	41.355	2503803
AAPL	241	92.281	92.7	91.86	92.427	5069537
MSFT	242	41.71	41.77	41.61	41.6199	2226559
AAPL	242	92.26	92.3999	92.11	92.29	2292628
MSFT	243	41.68	41.84	41.64	41.705	2077150
AAPL	243	92.08	92.34	92.05	92.2599	1664009
MSFT	244	41.63	41.69	41.54	41.68	1379942
AAPL	244	91.94	92.2	91.8	92.08	1983262
MSFT	245	41.73	41.74	41.6	41.63	850277
AAPL	245	92.18	92.2397	91.9	91.93	1700518
MSFT	246	41.7	41.74	41.68	41.74	527089
AAPL	246	92.2448	92.34	92.08	92.1899	1442443
MSFT	247	41.79	41.82	41.7	41.7	1009550
AAPL	247	92.2499	92.33	92.12	92.24	1154223
MSFT	248	41.8	41.82	41.74	41.79	849031
AAPL	248	92.18	92.27	92.15	92.252	836320
MSFT	249	41.7999	41.91	41.7825	41.805	1143783
AAPL	249	92.37	92.42	92.16	92.18	1225993
MSFT	250	41.8225	41.85	41.76	41.792	747828
AAPL	250	92.25	92.37	92.13	92.36	1385209
MSFT	251	41.83	41.85	41.81	41.83	651651
AAPL	251	92.18	92.27	92.16	92.25	896905
MSFT	252	41.7	41.83	40.335	41.825	1844571
AAPL	252	91.99	92.2	91.93	92.18	1730409
MSFT	253	41.68	41.76	41.66	41.7	5256377
AAPL	253	92.08	92.26	91.97	91.99	4350271
MSFT	254	41.68	41.68	41.68	41.68	100
MSFT	288	41.62	41.64	41.6	41.605	319620
AAPL	288	92.25	92.27	92.23	92.27	364001
MSFT	289	41.31	41.7	41.28	41.62	2255207
AAPL	289	91.78	92.29	91.7	92.26	4575879
MSFT	290	41.3256	41.38	41.23	41.3	1940433
AAPL	290	91.795	91.89	91.45	91.77	3374207
MSFT	291	41.21	41.35	41.21	41.32	1013502
AAPL	291	91.62	91.94	91.6	91.792	1906114
MSFT	292	41.27	41.31	41.2	41.21	1168477
AAPL	292	91.49	91.71	91.485	91.6175	1537109
MSFT	293	41.268	41.31	41.26	41.26	870850
AAPL	293	91.63	91.64	91.4	91.4899	1521510
MSFT	294	41.2	41.28	41.18	41.27	3728832
AAPL	294	91.64	91.72	91.55	91.62	978403
MSFT	295	41.34	41.35	41.19	41.1912	2558794
AAPL	295	91.68	91.74	91.6	91.649	926474
MSFT	296	41.36	41.41	41.32	41.335	679499
AAPL	296	91.54	91.7	91.54	91.68	674766
MSFT	297	41.19	41.365	41.19	41.36	949085
AAPL	297	91.36	91.59	91.35	91.5428	1577480
MSFT	298	41.415	41.45	41.18	41.2	1708735
AAPL	298	91.97	92.08	91.35	91.35	3473758
MSFT	299	41.49	41.51	41.39	41.43	1472783
AAPL	299	91.939	92.03	91.77	91.97	2312442
MSFT	300	41.6401	41.67	41.49	41.495	1596552
AAPL	300	92	92.01	91.89	91.94	1925149
MSFT	301	41.65	41.74	41.62	41.65	5479164
AAPL	301	92.18	92.26	91.99	92	5242801
MSFT	336	41.61	41.64	41.56	41.57	210200
AAPL	336	92.2999	92.3	92.26	92.29	345772
MSFT	337	41.66	41.77	41.56	41.61	2204284
AAPL	337	92.01	92.29	91.9	92.2899	3355856
MSFT	338	41.66	41.745	41.62	41.66	960988
AAPL	338	92.22	92.28	91.85	92.01	2670185
MSFT	339	41.545	41.66	41.48	41.66	1873777
AAPL	339	91.92	92.22	91.88	92.2199	1806162
MSFT	340	41.435	41.56	41.43	41.55	1024311
AAPL	340	91.67	91.99	91.65	91.92	1820059
MSFT	341	41.505	41.51	41.42	41.43	1363689
AAPL	341	91.6775	91.76	91.61	91.66	1320036
MSFT	342	41.55	41.615	41.49	41.503	593516
AAPL	342	91.7	91.87	91.65	91.6748	1083715
MSFT	343	41.442	41.55	41.43	41.545	378042
AAPL	343	91.46	91.73	91.44	91.7	1596898
MSFT	344	41.42	41.48	41.3301	41.44	937173
AAPL	344	91.471	91.52	91.41	91.455	1348938
MSFT	345	41.43	41.47	41.4	41.4153	708967
AAPL	345	91.49	91.55	91.37	91.47	1263109
MSFT	346	41.44	41.475	41.41	41.43	542138
AAPL	346	91.53	91.58	91.45	91.49	1175048
MSFT	347	41.4448	41.45	41.39	41.43	741746
AAPL	347	91.7799	91.9738	91.43	91.52	3124811
MSFT	348	41.4348	41.445	41.39	41.445	1078386
AAPL	348	91.99	92.07	91.71	91.77	4546494
MSFT	349	41.51	41.51	41.44	41.465	4343732
AAPL	349	91.86	91.86	91.66	91.785	4682791
AAPL	350	91.86	91.86	91.86	91.86	2186
MSFT	384	41.45	41.49	41.41	41.445	16000952
AAPL	384	91.93	91.95	91.73	91.85	11609210
MSFT	385	41.76	41.83	41.38	41.42	3467727
AAPL	385	92.4	92.55	91.48	91.88	6667486
MSFT	386	41.7	41.79	41.7	41.76	2206972
AAPL	386	92.2	92.53	92.13	92.4	4916915
MSFT	387	41.76	41.795	41.63	41.7	1617704
AAPL	387	92.01	92.25	91.9	92.2	2999654
MSFT	388	41.78	41.82	41.73	41.77	1151038
AAPL	388	92.02	92.25	92	92.02	1969228
MSFT	389	41.73	41.8	41.73	41.78	1494932
AAPL	389	91.9	92.1	91.81	92.01	2188357
MSFT	390	41.665	41.7364	41.59	41.73	1115024
AAPL	390	91.71	91.9	91.63	91.8999	1910285
MSFT	391	41.72	41.73	41.64	41.67	754514
AAPL	391	91.91	91.98	91.67	91.71	1744174
MSFT	392	41.73	41.78	41.71	41.73	1061130
AAPL	392	91.825	92	91.8	91.9	1402448
MSFT	393	41.67	41.725	41.67	41.725	553807
AAPL	393	91.79	91.84	91.72	91.83	1201376
MSFT	394	41.74	41.75	41.67	41.675	742286
AAPL	394	91.86	91.89	91.77	91.79	1345209
MSFT	395	41.725	41.75	41.71	41.74	600365
AAPL	395	91.705	91.87	91.7	91.86	1552719
MSFT	396	41.778	41.78	41.7	41.725	1322912
AAPL	396	91.619	91.71	91.6	91.7	2578476
MSFT	397	41.67	41.83	41.66	41.7701	11746441
AAPL	397	91.01	91.78	90.9	91.61	34325003
MSFT	398	41.68	41.68	41.67	41.67	43300
AAPL	398	90.91	91.05	90.91	91.05	2300
MSFT	528	41.72	41.73	41.7	41.73	447694
AAPL	528	91.32	91.35	91.31	91.32	518329
MSFT	529	41.98	42	41.69	41.7	2673460
AAPL	529	90.635	91.62	90.63	91.32	6477818
MSFT	530	41.8801	41.99	41.85	41.98	1561869
AAPL	530	90.9901	91.14	90.6	90.635	4832642
MSFT	531	41.81	41.89	41.8	41.885	1113702
AAPL	531	90.6999	91.03	90.66	90.9956	2413495
MSFT	532	41.74	41.8252	41.69	41.8	985861
AAPL	532	90.9	90.97	90.69	90.6933	1975160
MSFT	533	41.71	41.76	41.69	41.74	752319
AAPL	533	90.96	90.96	90.73	90.91	1965942
MSFT	534	41.7648	41.78	41.71	41.71	466484
AAPL	534	91.08	91.2	90.91	90.96	2150712
MSFT	535	41.79	41.82	41.715	41.755	745604
AAPL	535	91.08	91.16	90.93	91.08	1436358
MSFT	536	41.76	41.81	41.69	41.7948	669673
AAPL	536	90.895	91.09	90.87	91.075	1221622
MSFT	537	41.86	41.88	41.72	41.753	847060
AAPL	537	90.75	90.92	90.71	90.9	1283132
MSFT	538	41.87	41.896	41.84	41.86	728024
AAPL	538	90.93	90.96	90.75	90.75	1302967
MSFT	539	41.895	41.9	41.86	41.865	682942
AAPL	539	90.837	90.95	90.725	90.93	1447161
MSFT	540	41.885	41.9	41.85	41.895	1411821
AAPL	540	90.77	90.88	90.72	90.83	1517743
MSFT	541	41.99	42	41.88	41.885	4219230
AAPL	541	90.82	90.88	90.7	90.77	10338798
MSFT	542	41.99	41.99	41.99	41.99	3805
AAPL	542	90.83	90.83	90.83	90.83	1798
MSFT	576	41.84	41.86	41.83	41.83	410389
AAPL	576	90.74	90.82	90.74	90.75	447358
MSFT	577	41.6549	41.85	41.56	41.84	2833736
AAPL	577	91.15	91.33	90.64	90.74	4688674
MSFT	578	41.6963	41.74	41.63	41.66	1584150
AAPL	578	91.525	91.54	91.158	91.16	4174675
MSFT	579	41.735	41.79	41.675	41.7	1658441
AAPL	579	91.498	91.649	91.25	91.5224	2561923
MSFT	580	41.75	41.78	41.73	41.74	1156997
AAPL	580	91.66	91.74	91.46	91.5	2705950
MSFT	581	41.76	41.77	41.72	41.76	621927
AAPL	581	91.46	91.68	91.41	91.65	1405391
MSFT	582	41.78	41.82	41.76	41.7651	490369
AAPL	582	91.57	91.57	91.435	91.4648	1129938
MSFT	583	41.73	41.8	41.715	41.78	647226
AAPL	583	91.57	91.68	91.44	91.56	1604313
MSFT	584	41.68	41.725	41.565	41.72	1635647
AAPL	584	91.37	91.57	91.2	91.56	2155765
MSFT	585	41.775	41.78	41.66	41.67	1046473
AAPL	585	91.41	91.54	91.35	91.361	1336965
MSFT	586	41.8199	41.94	41.7701	41.78	2195028
AAPL	586	91.21	91.42	91.18	91.42	1348465
MSFT	587	41.805	41.85	41.76	41.8175	1214139
AAPL	587	91.12	91.26	91.1	91.205	1437704
MSFT	588	41.66	41.805	41.5901	41.805	2201038
AAPL	588	90.582	91.12	90.56	91.12	3598334
MSFT	589	41.74	41.77	41.62	41.66	7045493
AAPL	589	90.29	90.72	90.19	90.585	7605479
MSFT	590	41.745	41.745	41.745	41.745	100
AAPL	590	90.28	90.29	90.28	90.29	1200
MSFT	591	41.67	41.68	41.66	41.66	37177
AAPL	591	91.18	91.18	91.17	91.17	13709
MSFT	592	41.7	41.71	41.69	41.7	49945
AAPL	592	91.525	91.54	91.52	91.5224	60903
MSFT	593	41.76	41.78	41.72	41.74	739206
AAPL	593	91.49	91.68	91.46	91.495	686747
AAPL	594	91.558	91.6	91.53	91.56	164040
MSFT	624	41.71	41.74	41.68	41.7	253788
AAPL	624	90.23	90.28	90.21	90.21	362910
MSFT	625	41.58	41.74	41.46	41.7	1619729
AAPL	625	90.53	90.7	89.65	90.22	7215522
MSFT	626	41.6	41.68	41.51	41.58	1174756
AAPL	626	89.97	90.55	89.9	90.53	3226460
MSFT	627	41.82	41.82	41.59	41.6	1203729
AAPL	627	90.075	90.09	89.68	89.96	3357158
MSFT	628	41.72	41.845	41.69	41.81	989977
AAPL	628	90.45	90.45	90	90.08	2744099
MSFT	629	41.69	41.73	41.64	41.73	856533
AAPL	629	90.31	90.58	90.21	90.4465	1995317
MSFT	630	41.75	41.75	41.66	41.698	471734
AAPL	630	90.29	90.37	90.13	90.3	1199381
MSFT	631	41.74	41.75	41.71	41.74	651716
AAPL	631	90.34	90.44	90.235	90.29	1135903
MSFT	632	41.83	41.83	41.73	41.735	812320
AAPL	632	90.38	90.53	90.31	90.35	1331457
MSFT	633	41.89	41.91	41.77	41.83	605710
AAPL	633	90.28	90.45	90.25	90.368	1136170
MSFT	634	41.8844	41.91	41.86	41.88	630332
AAPL	634	90.26	90.33	90.22	90.2734	1046229
MSFT	635	41.915	41.94	41.86	41.887	897694
AAPL	635	90.18	90.27	90.02	90.265	1669987
MSFT	636	41.98	41.99	41.89	41.92	1389935
AAPL	636	90.33	90.44	90.17	90.19	1531673
MSFT	637	42.03	42.05	41.95	41.98	6552050
AAPL	637	90.36	90.49	90.31	90.3399	4578724
MSFT	638	42.03	42.03	42.03	42.03	4730
AAPL	638	90.36	90.36	90.351	90.351	1500
MSFT	672	41.9	41.94	41.9	41.93	455584
AAPL	672	90.4003	90.43	90.26	90.37	492767
MSFT	673	41.53	41.93	41.51	41.89	3735134
AAPL	673	89.96	90.54	89.8	90.42	5371081
MSFT	674	41.58	41.66	41.49	41.52	2964497
AAPL	674	89.97	90.1	89.815	89.95	3329995
MSFT	675	41.51	41.58	41.5	41.57	1549574
AAPL	675	90.125	90.22	89.85	89.97	2538631
MSFT	676	41.515	41.55	41.495	41.51	1548717
AAPL	676	90.26	90.36	90.12	90.13	2236340
MSFT	677	41.48	41.52	41.46	41.515	1193373
AAPL	677	90.1901	90.3	90.01	90.255	1539525
MSFT	678	41.5	41.5	41.43	41.48	966930
AAPL	678	90.22	90.23	90.13	90.2	717640
MSFT	679	41.525	41.54	41.46	41.5	1080310
AAPL	679	90.17	90.31	90.16	90.228	960215
MSFT	680	41.67	41.67	41.52	41.525	1037087
AAPL	680	90.25	90.3	90.16	90.1674	1231575
MSFT	681	41.72	41.72	41.66	41.67	815950
AAPL	681	90.34	90.46	90.13	90.25	1679807
MSFT	682	41.64	41.73	41.57	41.712	1249233
AAPL	682	90.29	90.45	90.21	90.34	1012977
MSFT	683	41.655	41.71	41.61	41.64	542088
AAPL	683	90.425	90.45	90.22	90.29	1097834
MSFT	684	41.67	41.74	41.65	41.655	853516
AAPL	684	90.54	90.6	90.35	90.4301	2006636
MSFT	685	41.72	41.75	41.66	41.675	4288310
AAPL	685	90.93	91.05	90.52	90.54	5509842
AAPL	686	90.9	90.9	90.9	90.9	1100
MSFT	720	41.612	41.65	41.51	41.61	537517
AAPL	720	90.88	90.88	90.77	90.82	649800
MSFT	721	41.8201	41.93	41.61	41.61	2299537
AAPL	721	91.58	91.655	90.77	90.87	6914742
MSFT	722	41.735	41.89	41.64	41.82	1628698
AAPL	722	91.6399	91.8	91.56	91.571	3812184
MSFT	723	41.745	41.78	41.69	41.735	1181741
AAPL	723	91.55	91.67	91.42	91.64	2134604
MSFT	724	41.71	41.77	41.64	41.75	957194
AAPL	724	91.49	91.69	91.458	91.541	1715734
MSFT	725	41.705	41.78	41.65	41.705	714967
AAPL	725	91.5434	91.56	91.34	91.489	1383569
MSFT	726	41.58	41.72	41.57	41.704	575716
AAPL	726	91.42	91.57	91.36	91.543	1131693
MSFT	727	41.61	41.62	41.525	41.585	783289
AAPL	727	91.61	91.65	91.4	91.415	1197947
MSFT	728	41.59	41.63	41.51	41.62	895876
AAPL	728	91.46	91.64	91.36	91.61	1700670
MSFT	729	41.72	41.74	41.58	41.58	859415
AAPL	729	91.5	91.54	91.34	91.465	1419047
MSFT	730	41.865	41.88	41.71	41.7201	1422679
AAPL	730	91.5332	91.62	91.48	91.5099	1356897
MSFT	731	41.918	41.98	41.865	41.87	1302294
AAPL	731	91.33	91.55	91.28	91.54	1710561
MSFT	732	42.025	42.03	41.91	41.91	2296314
AAPL	732	91.6047	91.6047	91.3301	91.3301	2030352
MSFT	733	42.25	42.29	42.02	42.025	14338187
AAPL	733	91.98	92	91.6	91.6032	11100716
MSFT	734	42.25	42.25	42.25	42.25	100
MSFT	864	42.19	42.2	42.17	42.17	301926
AAPL	864	92.14	92.16	92.09	92.1	549863
MSFT	865	42.11	42.21	41.94	42.19	3754551
AAPL	865	92.65	92.83	92.09	92.14	6596518
MSFT	866	41.99	42.18	41.96	42.11	2301898
AAPL	866	92.5301	92.76	92.36	92.64	2702627
MSFT	867	41.93	42.06	41.92	41.99	1502185
AAPL	867	92.67	92.75	92.4	92.535	2525130
MSFT	868	42.01	42.03	41.91	41.93	1063237
AAPL	868	92.6999	92.76	92.56	92.68	2017778
MSFT	869	41.88	42.02	41.88	42.02	766356
AAPL	869	92.69	92.8	92.633	92.69	2106964
MSFT	870	41.982	42.02	41.88	41.89	1433898
AAPL	870	92.74	92.79	92.56	92.7	1470417
MSFT	871	41.925	42.02	41.92	41.985	635322
AAPL	871	92.74	92.77	92.63	92.73	1327990
MSFT	872	41.9701	41.99	41.92	41.925	1048999
AAPL	872	93.18	93.19	92.73	92.73	3338378
MSFT	873	41.89	41.98	41.89	41.975	874421
AAPL	873	93.345	93.35	93.05	93.18	2307643
MSFT	874	41.9	41.93	41.89	41.9	832790
AAPL	874	93.64	93.71	93.3	93.349	3276268
MSFT	875	41.76	41.9	41.73	41.89	1979418
AAPL	875	93.3175	93.725	93.31	93.633	3183900
MSFT	876	41.7531	41.7999	41.72	41.75	1937513
AAPL	876	93.472	93.5	93.24	93.315	2714312
MSFT	877	41.7	41.8	41.7	41.75	9860352
AAPL	877	92.93	93.5	92.93	93.47	9579314
MSFT	878	41.7	41.7	41.7	41.7	4600
AAPL	878	92.93	92.93	92.93	92.93	243
MSFT	912	41.885	41.9	41.86	41.86	734986
AAPL	912	93.55	93.57	93.52	93.52	460265
MSFT	913	41.915	42.07	41.69	41.885	4390390
AAPL	913	93.55	93.78	93.13	93.52	5722062
MSFT	914	41.9503	42.06	41.9	41.91	2353034
AAPL	914	93.895	93.905	93.45	93.5561	3855943
MSFT	915	42.09	42.09	41.95	41.955	1127375
AAPL	915	93.82	93.96	93.77	93.9	2679728
MSFT	916	42.1	42.1252	42.0248	42.09	1342622
AAPL	916	93.66	93.87	93.57	93.8135	2424930
MSFT	917	42.05	42.15	42.05	42.0901	700568
AAPL	917	93.8801	93.95	93.6	93.66	2104010
MSFT	918	41.97	42.09	41.97	42.05	844620
AAPL	918	93.832	94	93.8	93.88	1822146
MSFT	919	42.04	42.06	41.97	41.97	894901
AAPL	919	93.9175	93.97	93.82	93.8367	1201205
MSFT	920	42.055	42.07	42.03	42.04	1128255
AAPL	920	94.07	94.07	93.9	93.92	2088665
MSFT	921	42.0199	42.09	42	42.0501	941238
AAPL	921	93.86	94.07	93.81	94.07	1822921
MSFT	922	41.9	42.05	41.9	42.015	1043336
AAPL	922	93.84	93.89	93.72	93.86	1707836
MSFT	923	41.895	41.96	41.88	41.9	1046315
AAPL	923	93.73	93.85	93.64	93.83	1858263
MSFT	924	41.835	41.91	41.81	41.89	2313015
AAPL	924	93.7	93.8	93.58	93.73	1944585
MSFT	925	41.87	41.92	41.82	41.83	6436975
AAPL	925	93.515	93.7699	93.51	93.7	4807583
MSFT	926	41.87	41.87	41.87	41.87	1499
AAPL	926	93.52	93.52	93.52	93.52	600
MSFT	960	41.75	41.76	41.73	41.75	415219
AAPL	960	93.84	93.87	93.84	93.865	435654
MSFT	961	41.66	41.7501	41.58	41.75	2916957
AAPL	961	93.83	94.06	93.65	93.86	4401489
MSFT	962	41.57	41.67	41.56	41.66	2232743
AAPL	962	93.695	93.89	93.65	93.8299	2381691
MSFT	963	41.56	41.62	41.53	41.56	2146981
AAPL	963	93.67	93.8	93.55	93.695	2175123
MSFT	964	41.66	41.66	41.56	41.5644	1276212
AAPL	964	93.47	93.73	93.34	93.66	2671603
MSFT	965	41.76	41.77	41.65	41.66	810866
AAPL	965	93.7	93.77	93.36	93.48	1595984
MSFT	966	41.79	41.83	41.76	41.76	952067
AAPL	966	93.5672	93.74	93.51	93.6999	884348
MSFT	967	41.795	41.8	41.75	41.79	521624
AAPL	967	93.46	93.6	93.39	93.56	1291573
MSFT	968	41.7901	41.81	41.71	41.79	628758
AAPL	968	93.595	93.6275	93.39	93.47	1075006
MSFT	969	41.755	41.8	41.7	41.7955	576351
AAPL	969	93.53	93.6	93.42	93.5999	920183
MSFT	970	41.82	41.82	41.74	41.76	674310
AAPL	970	93.49	93.55	93.44	93.52	698481
MSFT	971	41.85	41.85	41.765	41.82	968969
AAPL	971	93.36	93.57	93.25	93.4871	1321469
MSFT	972	41.855	41.87	41.78	41.848	1160915
AAPL	972	93.29	93.41	93.19	93.375	1347258
MSFT	973	41.9	41.9	41.83	41.855	3612855
AAPL	973	93.45	93.53	93.09	93.29	4729413
MSFT	974	41.9	41.9	41.9	41.9	400
AAPL	974	93.48	93.48	93.48	93.48	600
AAPL	a1404394200	93.67	93.7	93.63	93.67	345284
MSFT	0	41.93	41.95	41.9	41.91	300153
MSFT	1	41.61	41.99	41.56	41.93	2976006
AAPL	1	93.55	93.7	93.22	93.69	3605511
MSFT	2	41.695	41.87	41.61	41.62	1789534
AAPL	2	93.3943	93.58	93.2	93.559	2132511
MSFT	3	41.7001	41.75	41.69	41.695	914346
AAPL	3	93.51	93.59	93.38	93.391	1791109
MSFT	4	41.74	41.76	41.66	41.71	1519766
AAPL	4	93.6626	93.72	93.52	93.52	1785419
MSFT	5	41.775	41.79	41.73	41.735	646460
AAPL	5	93.667	93.79	93.62	93.67	1807955
MSFT	6	41.82	41.84	41.77	41.78	738802
AAPL	6	93.6357	93.73	93.625	93.68	1572526
MSFT	7	41.8	41.83	41.69	41.815	5841115
AAPL	7	94.1	94.1	93.63	93.635	7393659
AAPL	8	94.03	94.03	93.97	94.03	11741
MSFT	192	41.76	41.76	41.71	41.75	441973
AAPL	192	94.15	94.17	94.1	94.14	569448
MSFT	193	41.875	41.92	41.72	41.72	2123501
AAPL	193	94.97	94.99	94.12	94.16	7491374
MSFT	194	41.93	42.09	41.84	41.88	2037745
AAPL	194	95.122	95.21	94.76	94.97	6617297
MSFT	195	42.03	42.07	41.93	41.9399	1704354
AAPL	195	95.3899	95.47	95.005	95.11	5150050
MSFT	196	42.1	42.12	42	42.025	1668913
AAPL	196	95.16	95.4	94.94	95.39	3823550
MSFT	197	42.07	42.105	42.01	42.1	1476427
AAPL	197	94.78	95.31	94.76	95.1699	2914246
MSFT	198	42.05	42.1	42.04	42.0734	851985
AAPL	198	94.94	95.05	94.76	94.78	2110785
MSFT	199	42.08	42.09	42.015	42.05	729350
AAPL	199	95.13	95.13	94.88	94.935	1370951
MSFT	200	42.07	42.1	42.055	42.09	647677
AAPL	200	95.245	95.29	95.04	95.13	1896370
MSFT	201	42.06	42.1	42.06	42.0751	648501
AAPL	201	95.389	95.39	95.15	95.25	1606597
MSFT	202	42.055	42.07	42.05	42.06	700991
AAPL	202	95.41	95.625	95.335	95.38	3169459
MSFT	203	42.04	42.07	42	42.055	1127312
AAPL	203	95.659	95.69	95.28	95.4147	2762846
MSFT	204	41.95	42.055	41.95	42.04	1239611
AAPL	204	95.74	95.83	95.59	95.65	3452196
MSFT	205	41.99	42.03	41.92	41.955	5054770
AAPL	205	95.968	95.99	95.65	95.735	7551073
MSFT	240	41.87	41.88	41.83	41.87	357874
AAPL	240	96.25	96.27	96.18	96.27	654233
MSFT	241	41.84	41.98	41.75	41.85	3482788
AAPL	241	96.155	96.8	95.7248	96.25	11519267
MSFT	242	41.715	41.845	41.61	41.8351	3497917
AAPL	242	95.2	96.16	95.08	96.151	7412855
MSFT	243	41.83	41.86	41.67	41.71	1877308
AAPL	243	95.31	95.31	94.84	95.195	6134937
MSFT	244	41.81	41.855	41.78	41.83	1535930
AAPL	244	94.65	95.38	94.61	95.31	3769218
MSFT	245	41.82	41.88	41.74	41.81	1915261
AAPL	245	94.2349	94.8	93.92	94.65	5873698
MSFT	246	41.83	41.86	41.8	41.8201	1477409
AAPL	246	94.65	94.65	94.17	94.2375	3247104
MSFT	247	41.855	41.86	41.795	41.83	1139476
AAPL	247	94.94	94.96	94.56	94.6501	2784239
MSFT	248	41.89	41.92	41.83	41.8506	867591
AAPL	248	95.11	95.15	94.66	94.93	2544772
MSFT	249	41.94	42	41.85	41.888	1428084
AAPL	249	95.31	95.4	95.01	95.11	2470672
MSFT	250	41.94	42	41.89	41.94	1149294
AAPL	250	95.13	95.35	95.12	95.3	1928179
MSFT	251	41.92	41.96	41.9	41.94	928747
AAPL	251	95.13	95.36	95.03	95.13	1902979
MSFT	252	41.865	41.93	41.83	41.925	1091252
AAPL	252	95.115	95.25	94.85	95.12	2256699
MSFT	253	41.78	41.87	41.75	41.865	7275474
AAPL	253	95.32	95.4	95.105	95.12	6021630
MSFT	254	41.78	41.78	41.78	41.78	107
AAPL	254	95.35	95.35	95.35	95.35	100
MSFT	288	41.94	41.99	41.91	41.98	211069
AAPL	288	95.46	95.5	95.41	95.44	368797
MSFT	289	41.67	41.96	41.65	41.93	2284778
AAPL	289	95.531	95.95	95.21	95.49	6140569
MSFT	290	41.699	41.72	41.53	41.67	1521430
AAPL	290	95.7899	95.8	95.21	95.54	3455994
MSFT	291	41.74	41.81	41.65	41.695	1088953
AAPL	291	95.74	95.88	95.59	95.7815	2310062
MSFT	292	41.73	41.79	41.69	41.742	949951
AAPL	292	95.6999	95.77	95.53	95.74	1768797
MSFT	293	41.63	41.7375	41.61	41.73	842072
AAPL	293	95.7899	95.82	95.61	95.7	1287079
MSFT	294	41.645	41.66	41.63	41.6316	634151
AAPL	294	95.71	95.79	95.65	95.78	1217744
MSFT	295	41.669	41.7	41.63	41.64	623080
AAPL	295	95.405	95.72	95.351	95.7155	1336286
MSFT	296	41.63	41.67	41.62	41.67	374367
AAPL	296	95.34	95.56	95.33	95.41	1141910
MSFT	297	41.613	41.63	41.61	41.6221	548403
AAPL	297	95.17	95.47	95.1627	95.3399	1367157
MSFT	298	41.7	41.72	41.555	41.62	1521907
AAPL	298	95.275	95.35	94.76	95.16	3690552
MSFT	299	41.685	41.74	41.66	41.7	761611
AAPL	299	95.44	95.607	95.15	95.29	1989139
MSFT	300	41.6801	41.78	41.67	41.687	1466480
AAPL	300	95.47	95.55	95.38	95.44	1466250
MSFT	301	41.67	41.73	41.62	41.683	4508269
AAPL	301	95.39	95.55	95.31	95.479	5731193
MSFT	302	41.67	41.67	41.67	41.67	2990
MSFT	336	41.42	41.46	41.36	41.37	438699
AAPL	336	93.75	93.8	93.7	93.76	638076
MSFT	337	41.34	41.61	41.05	41.42	3810091
AAPL	337	94.19	94.39	93.52	93.75	7519877
MSFT	338	41.63	41.65	41.34	41.34	1318659
AAPL	338	94.57	94.74	94.06	94.19	4082115
MSFT	339	41.75	41.76	41.565	41.63	1542639
AAPL	339	94.52	94.61	94.33	94.5699	2223739
MSFT	340	41.6621	41.855	41.65	41.76	1265108
AAPL	340	94.56	94.67	94.39	94.5101	1817770
MSFT	341	41.7351	41.77	41.65	41.665	1208585
AAPL	341	94.58	94.65	94.4	94.5533	1333208
MSFT	342	41.87	41.875	41.71	41.73	751227
AAPL	342	94.93	94.94	94.5	94.58	1653737
MSFT	343	41.81	41.89	41.77	41.865	687848
AAPL	343	94.88	94.94	94.69	94.93	1109496
MSFT	344	41.97	41.98	41.8	41.81	806671
AAPL	344	95.37	95.42	94.85	94.88	2129004
MSFT	345	41.9	42	41.89	41.97	1048559
AAPL	345	95.26	95.49	95.13	95.37	1878499
MSFT	346	41.95	41.96	41.89	41.91	711614
AAPL	346	95.52	95.55	95.23	95.262	1770765
MSFT	347	41.79	41.97	41.79	41.96	1300684
AAPL	347	95.1	95.52	95.1	95.52	1790942
MSFT	348	41.79	41.815	41.71	41.79	1445177
AAPL	348	95.11	95.17	94.97	95.105	1858039
MSFT	349	41.685	41.83	41.67	41.82	3404465
AAPL	349	95.035	95.17	94.97	95.15	2449449
MSFT	350	41.685	41.685	41.685	41.685	122
MSFT	384	41.78	41.8	41.7	41.7	475538
AAPL	384	95.33	95.38	95.33	95.36	473563
MSFT	385	41.5	41.78	41.48	41.77	3126191
AAPL	385	95.3	95.62	94.96	95.34	5032743
MSFT	386	41.605	41.61	41.48	41.51	1715520
AAPL	386	95.539	95.89	95.18	95.309	4398637
MSFT	387	41.73	41.73	41.55	41.61	1083479
AAPL	387	95.67	95.79	95.49	95.535	1789334
MSFT	388	41.8	41.85	41.71	41.73	1250176
AAPL	388	95.4	95.75	95.33	95.665	1791034
MSFT	389	41.8	41.89	41.8	41.81	1049825
AAPL	389	95.34	95.5	95.22	95.4	1791164
MSFT	390	41.84	41.86	41.78	41.8	960177
AAPL	390	95.13	95.34	95.08	95.3399	1226239
MSFT	391	41.881	41.91	41.84	41.84	842344
AAPL	391	95.0277	95.23	94.93	95.12	1412825
MSFT	392	41.89	41.95	41.88	41.8858	950716
AAPL	392	95.165	95.25	95.01	95.025	1195498
MSFT	393	41.93	41.95	41.88	41.8965	1008343
AAPL	393	95.005	95.19	94.99	95.1763	1116781
MSFT	394	41.965	41.975	41.91	41.939	1119940
AAPL	394	95.03	95.09	94.8625	95.0076	1726397
MSFT	395	41.96	42.015	41.95	41.968	1359014
AAPL	395	95.05	95.16	95	95.0358	1338130
MSFT	396	41.985	41.99	41.95	41.967	386750
